5726 5029 6355 5685 7978 6371 9898 1084 1801 2442
1412 5711 1978 5798 3577 7305 7878 2194 7149 5346
5454 3993 3031 4411 8862 5801 2439 1295 6617 5446
3792 84 4838 1758 5528 789 8559 9163 3368 3404
1604 6167 2788 8445 6300 3872 6860 1417 665 3085
4019 6251 1094 1572 3850 6076 1790 1178 2114 7927
5655 3184 5979 7690 7385 8407 8921 6468 4274 1912
8547 404 4583 3300 8599 2406 4344 777 5487 3686
4481 5178 454 744 9813 6305 307 3505 1745 917
5954 813 5395 6528 3870 3093 1739 2610 2024 2106
7050 1482 5997 4750 1102 9513 552 2686 6420 9362
950 9866 8435 4872 8785 9861 9352 2385 7458 5415
618 188 6222 6832 7375 825 8365 417 3297 122
6698 1368 7349 5013 9258 6179 9950 8024 9902 3690
8010 8832 7738 9442 4450 6422 6236 2792 1923 7366
3839 2028 1326 6545 6534 6231 8980 3490 7827 7332
8558 6691 982 5093 5422 4465 6896 5957 6850 6986
5555 1812 2539 3656 8791 1621 834 608 2110 8766
9342 3743 2797 3940 8087 3564 5506 9569 7478 2676
6842 7915 8199 9771 1204 1718 6112 8969 1010 1340
1311 892 5558 489 6639 5976 6423 8747 5000 100
7552 6323 2577 3082 7849 3049 7900 6818 6314 1471
1421 7642 5878 9595 6671 7410 2547 381 8052 1279
5224 7092 9512 4115 4338 5472 606 9092 3823 1246
27 6676 7654 488 6028 443 3454 7346 6014 34
3717 5754 5105 1463 7862 5016 6474 5263 1560 5466
2663 3124 5257 9525 8793 5181 358 9700 4432 5467
7669 8441 7188 8648 4841 4068 2399 5250 5098 8968
9964 4770 4712 2397 5906 469 2711 4846 4445 7234
781 5808 6747 2867 8833 9996 6287 1191 6642 9291
6705 4510 8551 7667 4354 5172 6960 599 4621 9206
1406 6813 298 3952 1334 3012 2572 3548 8494 1507
4396 6424 1781 3988 5665 191 7658 1979 7518 4637
8400 9787 5425 8531 296 1679 4837 144 4983 5173
5728 8625 4753 9399 1037 7390 4807 4017 5082 6728
1551 2210 6841 7544 162 5713 7409 9583 1045 7070
984 5322 1642 7329 2591 5403 1248 9507 8210 1184
9201 3057 5270 5183 1433 79 3673 4485 1286 6187
7054 8029 8055 6358 906 5566 3705 4599 5099 523
6830 4075 3651 6552 2605 8032 1777 1955 8673 8624
4060 1934 3457 5838 5821 1996 6382 2027 1944 1619
4474 8564 7490 9085 2361 790 2723 4577 4880 9638
7495 9495 5235 8405 6035 7184 8193 8503 3213 1354
2965 1647 9624 6457 7217 7416 4151 7578 3664 3568
7525 7286 2937 81 4608 5387 1825 1065 9927 7311
2761 1034 5944 6497 6686 7858 392 3214 87 97
3060 8856 1495 1526 8281 6702 5928 973 4645 7848
4195 6951 573 6025 409 8431 2206 8650 1307 4175
2586 5154 386 3502 3884 7812 9644 1862 6191 2434
4957 5474 4039 6370 1651 9913 3892 9175 5297 6975
1491 4974 7500 8065 393 7965 6022 3118 8901 1950
304 2950 8513 7485 4550 6654 179 2350 9871 9354
6131 8871 4932 402 1392 202 8759 5300 2236 1170
3092 709 3625 5198 7874 5388 1779 5698 7869 8073
2713 8307 3981 8740 7855 7315 4908 4616 8181 2480
3775 9467 3309 6448 5515 3174 9592 960 4660 2444
8325 9616 1984 9536 1851 2109 8935 6466 3162 7294
9158 8268 8102 3005 5158 412 1432 8910 1314 9257
614 6168 2487 3373 1302 5153 8716 7732 687 6551
1690 1896 6564 7284 7934 3465 5221 8812 2200 4829
9739 2060 4590 2271 6584 3876 8464 9830 8865 3399
8411 4634 3710 9350 5361 912 8156 8126 9464 8079
2 3006 4469 3410 1068 3305 5231 7158 8319 2351
8248 1650 891 1890 536 9706 185 3098 1826 73
105 761 2886 4087 4275 9022 1728 7624 9202 9915
6162 4852 2609 457 8116 3874 945 8868 2095 9125
3056 9411 6032 434 291 8916 4146 5892 7823 3546
6430 308 4769 4659 1804 5550 4642 5067 3448 5965
9197 6948 9071 714 8197 6933 1401 1965 1544 2255
1371 7788 9470 4512 3722 1149 8285 6052 8288 7524
9931 5484 8506 9929 2672 1159 893 567 7307 80
1593 6630 2192 2395 4539 3909 3908 2722 4070 799
3076 6141 9886 1031 6571 3755 7040 3547 4776 8799
5758 7756 465 5623 1667 6515 3583 5968 6574 1961
3766 6811 9945 2199 7360 2249 2653 4678 7441 2570
3464 4393 3482 5767 3944 1502 8609 7439 1616 2238
4857 814 3 2229 5819 9686 2277 6804 5201 2318
9954 5635 7802 3354 1336 3323 9895 836 8990 8239
5673 4752 4975 6553 7101 4291 8738 1935 5354 1294
2125 1013 4045 2015 1271 7232 3591 1116 6298 3657
2138 826 5283 5203 2709 5080 6927 8680 2460 1596
6944 768 6113 8296 437 4859 8482 3790 2066 5064
7219 5671 807 942 4991 7404 773 6514 2607 7567
9840 6340 1743 2551 8734 8275 8814 2363 9870 2219
1601 3476 7127 8578 4051 4415 9740 372 7612 2400
2617 1575 5304 8617 4404 6009 5827 4471 5905 6940
7064 8950 8919 351 8563 8384 7506 2297 503 1346
6786 7413 305 8978 1606 5272 9384 1425 9705 1573
9215 5964 5295 5636 5169 7596 6181 5729 2422 4736
2295 4730 9162 2968 9148 3116 6299 1390 2278 5616
6573 1280 42 2225 2891 2100 2389 2573 3052 101
9113 4854 1504 8796 2684 8507 9498 5394 6612 8784
8459 4942 674 3698 6053 6793 9798 556 2922 7253
661 1524 9943 6195 5353 3543 7009 4081 2146 9599
2107 8824 2971 8878 3218 2380 2418 28 7115 6623
2515 8805 8343 6620 4648 6394 3565 2905 3761 4996
8836 8012 3796 9773 3647 3752 9741 8484 9024 5475
7573 56 6673 9562 4665 7737 3530 6261 4742 2823
3603 3292 2235 7405 4213 4592 7214 1309 5854 5414
1755 1749 756 4271 690 2997 264 3228 6603 9598
9426 3207 2728 9765 7034 7684 1345 3915 2811 3862
1215 9757 7828 4565 237 1325 6402 6072 4543 7391
5871 1813 875 1069 715 3210 3554 7242 2201 6741
7061 6773 7606 607 9181 4172 4173 585 7629 7261
5657 7117 2648 8763 6824 8386 987 1971 5648 7250
1382 5316 3318 5539 5708 9365 5744 2292 6360 8986
5347 1137 9597 6294 6293 7087 6509 1732 2336 2445
2312 9473 7001 4998 8201 8996 959 1666 1260 9048
3398 9860 6392 3435 1209 6267 6664 3669 2528 5106
4516 5773 2799 4200 3913 4602 8733 3215 8071 8713
7733 7911 8271 6817 5998 3294 2847 413 9285 9485
4086 1662 4029 779 9404 5783 8454 7431 3166 5226
4591 1434 8414 8098 4513 8209 731 7132 4185 9793
6129 3641 3877 7432 791 9523 3789 3585 9494 3903
103 54 9952 1774 2436 3280 9957 7381 511 8655
9408 95 6146 8107 3249 8003 652 8011 2805 4792
2878 8005 9676 2319 9213 8909 5514 1897 2025 2800
5277 9444 1989 3933 760 5259 7004 2481 447 2356
4893 6163 4823 9461 2796 3423 6166 3227 7222 6432
9004 4216 4663 6228 8746 5692 6419 1599 8546 5523
4758 383 8225 7647 3237 4856 7337 2680 24 765
7627 6718 4664 2766 2367 3619 2882 3033 6861 4031
4373 6580 8769 4342 6865 2345 2340 6338 1948 6289
2371 6482 5225 739 5814 7700 6241 570 5592 5175
4244 4739 944 9816 8144 9709 9369 7839 7863 7323
5217 4571 7739 1694 842 1789 6151 2545 1717 4225
9108 1590 7367 9719 9589 5083 4258 3145 2829 7593
8190 5520 9348 6397 3246 5736 8669 837 5567 1347
3375 1539 6763 1112 4542 3739 8237 2532 5438 403
5421 8497 1250 3894 9347 728 8911 5991 1913 631
4913 5544 841 1509 3222 4971 3703 1082 4795 5402
3847 9129 9167 5974 3859 7187 8735 3764 8817 1693
3840 6757 1867 8518 2757 742 6658 9659 3754 5256
4581 5186 7956 3578 3606 4071 9031 8133 4782 7977
8326 3421 7058 3267 5978 8821 3878 4165 4346 4554
8553 3258 4308 5897 8548 6973 8493 8362 8053 310
565 2419 5220 3552 8392 1103 1196 5609 2650 1496
7713 7063 1413 1997 4371 7787 6645 5501 4495 2612
4487 9810 2220 169 1156 329 8439 2331 4721 6646
2514 2940 6388 5797 9620 9356 5303 812 1861 9448
4691 3356 7102 1675 2778 3054 9343 2760 662 1139
6782 9210 1144 1030 3344 7925 9267 1249 630 7172
7735 640 4329 2355 3276 4910 8301 8323 1887 3067
2507 4441 8375 7183 854 1836 9140 2763 4797 2065
377 2158 5476 5331 2059 491 6393 2233 605 2683
123 5397 3653 7176 6408 5167 2772 4693 6831 3129
595 2789 8528 3195 2273 541 4944 1904 1990 1410
8196 9502 2809 2883 4056 5885 9538 2645 5557 3782
7581 6385 9970 7910 4821 8159 9398 3562 4514 4477
1018 6536 8889 8049 1262 9551 7885 5701 8455 1199
3333 7527 7251 4845 9050 8797 5498 504 6326 4836
387 2289 1117 7317 4320 1819 7772 8629 3678 4466
6346 2911 6759 4779 5012 9689 9466 8337 3728 7099
5362 3922 356 6329 7402 2435 8189 4141 9995 4746
8477 6957 9402 9468 4896 5693 5227 9038 1519 62
3143 4247 2527 8505 2423 4862 8351 5639 8017 4361
76 1228 4055 5043 8398 3925 4883 9558 6185 9396
9988 6694 3117 7873 4879 8545 4238 8089 1333 4530
6588 1905 852 3072 2549 2379 8472 5740 1654 6336
9511 2090 4714 4976 1389 3626 1808 5810 8539 4222
6815 300 4387 4468 6512 2064 6942 7171 9084 9710
759 2719 7043 1940 9746 2901 7969 6286 3419 340
7257 6627 1797 3079 9968 6657 5572 143 3599 1884
8409 6337 3413 7583 6681 6844 738 8203 4403 1162
2087 4385 1221 2438 438 7038 4398 2501 8310 8336
4470 365 9716 7468 7616 696 9892 6242 3024 3768
5903 5123 154 4220 311 1241 2097 3265 7598 7
9430 7666 1770 9784 7118 9832 2836 6546 7923 3916
8585 8915 6652 1938 3614 2673 1791 809 1158 2488
8946 4503 8828 66 3932 675 450 7387 9218 9253
9882 4920 3527 686 6426 5019 1696 1842 2741 9707
2230 4282 8876 9845 4968 6632 8897 4295 6616 817
8953 8452 8469 7652 295 7080 5143 4076 6651 4264
7817 2649 5288 8253 168 3793 4874 6950 5407 6549
572 4374 2638 7843 862 9114 6063 955 6243 359
7015 1909 7769 7254 8111 2490 9744 9768 8857 7912
3655 7959 8214 173 6184 2302 330 4938 9287 2242
5529 769 5803 4830 9859 2034 7097 5343 6567 2798
9453 5822 4688 6386 2127 6806 7805 3150 2791 5251
8252 8479 189 6601 9135 5866 867 1052 2009 8971
486 1611 8447 3185 6524 9824 7359 410 7046 4044
7085 1264 6996 4537 3624 8262 3855 25 9684 9355
1272 1070 247 6345 3996 2119 3141 8308 2262 1907
9593 7123 323 4707 8913 289 3156 4461 9938 4901
8794 3059 9264 587 5602 3601 2495 1134 5486 5313
6555 8489 5945 3566 683 6328 6766 4489 5901 9847
3011 9243 6173 666 1256 2376 2123 5958 7204 2410
8110 3394 6945 4439 4324 8338 3584 664 7373 1163
9120 7268 6954 2734 6735 3232 2510 1022 6207 3513
7400 8097 9047 4842 9131 7052 7701 8926 5499 5279
3998 2738 2938 5715 7442 1960 1976 9653 6290 6994
3815 2042 1906 1646 341 4789 1816 7013 4491 8353
9748 9360 2173 1766 2780 8727 2894 8161 6915 2038
3713 4210 3187 2854 8890 2888 6175 7575 5831 3343
4556 1088 1164 2269 8690 9377 3008 5946 3990 8654
2770 6418 3040 8509 1738 3924 334 8277 1994 8895
9726 6953 1032 6085 846 7568 8772 3753 5695 4650
7844 3254 7861 7876 8345 2056 2427 2030 7696 6638
1121 9563 1687 6746 2855 3341 5595 7288 3613 6472
8555 8154 3250 8096 4931 4476 1348 1282 7489 5459
3747 2868 7783 9095 2315 5818 9376 1721 398 7879
1620 7499 2841 3153 9715 3219 4686 9299 937 8048
5176 1207 1349 2266 9745 8429 6969 6531 5691 4529
2781 3314 4737 9308 6128 4362 5285 3640 1143 4545
9455 2737 8042 4610 5947 8434 6019 7516 8376 7954
6098 899 2177 1607 9613 6823 9682 2325 3813 5344
2332 5180 6013 6595 3084 878 1609 7603 8206 610
1969 3224 5547 7140 2383 5994 1661 9772 4178 2558
6873 1540 6062 9220 1151 9664 6856 8371 4630 5559
5131 8593 7687 3424 6781 6744 6201 4585 3471 1244
8432 259 876 3581 3989 2287 6209 9725 6519 2935
7103 2141 6902 7615 5445 5261 7392 3242 2164 9223
4395 1531 5791 3687 140 5311 4541 2759 3900 1367
1859 2848 8905 877 659 904 2122 3304 8903 7935
2058 5039 8949 5661 3891 7825 4414 5948 8983 6879
5330 5630 2115 251 3376 263 8383 4751 3959 5967
2567 3785 5202 5210 5526 9801 1776 3073 5781 4873
8103 2693 6283 5081 6383 4706 355 553 2752 9286
7484 7888 8537 6253 6470 7077 3558 2702 5983 4005
776 496 7824 3189 7443 4283 2263 2785 5473 3286
1597 3179 7278 208 2051 61 6923 6712 9962 3160
705 7348 7630 3155 5309 4805 8925 9104 3829 2895
9483 7716 8702 7870 8363 7264 9789 7569 4296 1669
6989 9293 1747 9963 2923 2849 327 7047 3615 9603
5341 4574 7180 3582 3107 6762 7651 1515 4819 3429
161 2320 3025 4640 4205 8709 5162 2948 8035 3618
4313 7631 9033 3108 3517 7889 6165 8078 6904 8018
4289 1506 4015 5918 7223 8634 5597 9312 241 420
2526 2040 5534 8329 9914 7229 283 9224 5860 2762
301 758 9590 7464 5632 9234 9002 9897 6792 1265
8985 1827 2181 8256 7988 9262 3046 6704 6618 7053
9236 9553 8458 4394 4061 601 6905 649 2010 951
4906 6322 8604 6532 4027 522 5590 9339 5513 2037
7035 551 3716 5095 1150 9472 2961 1480 6223 1951
3528 3135 1671 3481 5041 9060 2179 9138 7724 5085
3480 9821 1691 5717 5793 6995 8467 3806 2758 8350
4262 516 8137 1574 1437 4885 6929 8099 1962 2955
9477 7938 4676 754 2247 1559 7570 3439 3386 8554
2353 8561 8707 1189 5232 5675 9900 8573 7620 8207
5737 3946 5766 3771 7194 10 1219 9001 3244 7545
7537 5400 4001 7136 5674 4074 7224 1076 9734 7084
9456 8708 2016 6021 6071 4364 2149 159 4426 7147
9728 6511 9543 6304 3004 9997 1444 7283 1229 8490
9858 2844 4972 8466 151 5052 6490 4438 1681 4472
1293 8994 3211 1048 9626 7383 6478 1025 9179 4506
1722 3220 9393 8841 1695 127 1740 3630 2070 6134
3317 7601 2627 8226 7806 3918 8332 2317 4824 6475
1451 7672 4941 1898 1807 4587 9372 646 1824 228
3313 7707 4888 5074 1173 9300 8114 3175 1677 344
931 3679 4348 2237 4255 260 9420 7695 3037 4016
5571 7374 4579 7078 7551 7347 6352 3832 2962 7976
2466 5381 1680 6196 3221 2973 9289 7532 8959 5747
4110 1003 3873 9662 4796 69 2771 8943 7482 4383
5418 9065 5045 7162 9209 8571 8245 5505 7607 429
6554 3611 4787 7088 3296 7891 373 6943 4601 7201
3808 1242 3182 4755 3039 8576 4589 5271 6436 3969
5114 6883 6544 6771 6204 803 2541 7185 9412 3473
4687 4376 995 9918 5482 2323 7330 1300 3186 9242
8289 939 8816 5495 6288 749 6998 2186 4120 4631
4040 6760 5730 6901 5552 4113 5794 1038 2730 1132
2647 1364 8671 4773 5911 6176 926 4868 685 2887
9853 9440 6205 2658 4123 4734 938 9972 8683 7966
8215 5125 2482 4004 8070 1359 1450 7746 5621 2775
592 5348 5842 9100 9670 4341 6756 1166 3328 8027
1461 5196 3065 5035 5229 9199 2736 6023 6220 9324
7945 6481 9150 8412 8423 2286 9977 6863 9319 3167
8306 3425 6648 7436 6034 5383 1936 8050 7000 6828
52 4136 2816 6680 1980 5631 5812 2137 1586 4499
5238 9515 4334 41 6667 124 698 3094 2783 501
4671 9099 1327 3494 8255 9334 4562 1126 4038 8565
2047 566 4235 4033 5760 2655 6965 6884 963 3712
7768 1033 2246 1075 3797 9591 7541 158 2166 7028
240 508 1864 1456 2475 802 1689 1576 4551 4945
8476 4054 5768 2414 239 9989 2291 3632 1087 913
5416 2839 8356 6967 313 107 2091 176 5612 9122
419 9039 2393 5280 801 5649 9786 7597 3445 213
4804 4875 9051 4943 9353 6706 9067 1104 8327 2678
6963 880 1252 6556 4408 9818 6089 8896 3253 3674
3983 5975 2859 487 1981 4876 636 5989 9934 2281
8380 5581 3430 6202 3898 2208 5024 7682 2453 2926
6295 5761 9165 9752 711 8725 5652 8258 9564 5307
1638 9731 2182 5743 2621 131 3514 1039 4952 6814
8501 658 6743 3831 3880 2784 2369 4588 1257 4253
3700 8142 3188 4810 5955 8637 9678 2257 5453 1917
8602 6292 3362 2497 5817 7757 141 9214 7678 5907
8413 6229 1548 6550 104 5933 1782 6703 9978 7887
1783 5380 382 1083 3827 7198 4638 4604 1274 3336
6593 8789 7622 3034 1020 3536 5439 6189 1949 8666
7837 9532 5644 3845 5533 1577 9979 9674 5245 8631
3391 8811 276 8963 853 2985 3238 3843 9489 1809
3556 9541 6662 3081 2833 2574 6538 497 4454 3321
8584 5102 8667 7550 1805 4249 2265 6494 2131 4990
5624 5980 6816 2008 2542 1187 7364 2714 1512 222
4400 3475 3291 8259 3177 1342 6417 6238 1472 8560
3890 2467 2726 5676 3964 5651 1142 9579 4547 654
3456 5366 1656 2777 9133 6903 9869 9822 7592 3842
9983 8575 9421 3455 4058 3019 1522 8374 5457 6498
9263 451 1385 3757 6160 5833 2821 8540 5170 2014
439 2180 416 9082 3563 2616 1358 8334 3638 4649
7477 3994 4459 8082 4193 2825 5332 8674 3477 3269
1111 2078 5896 6936 680 4042 3699 4111 1561 8972
2398 5702 255 9187 7192 7338 6868 7510 7133 9309
6674 6598 9259 326 5468 3365 1141 9406 5191 5436
8165 4781 9878 1665 5680 3798 9628 3302 1684 6827
2473 8164 8331 1822 7782 6677 7980 9374 4672 9698
670 5669 8861 9841 3068 5546 5159 655 3310 6568
7406 7111 3406 9256 2557 7377 9030 6858 1956 5234
9238 831 7813 7100 8517 4132 5020 3992 4518 7818
9094 1254 7697 8668 3114 5936 5714 7203 4768 3923
7529 4211 9132 2862 6688 432 2274 7041 4849 3929
2222 3567 5265 7794 1929 9301 4904 6602 5356 8591
8684 9601 1552 2963 8330 473 446 5579 6442 8685
8122 8827 9070 673 5374 4783 1903 6061 5917 747
4125 930 8282 7618 7790 4272 3405 3183 4252 408
7430 4900 2205 5063 7865 3960 6153 9392 9058 513
4286 4955 4009 620 219 3748 1986 3953 3016 5148
2189 1147 7771 1375 5724 46 6485 9521 7207 60
2132 5857 9382 2767 2217 3910 2288 110 3906 31
2910 1549 8112 2952 1617 8511 861 346 5115 1192
9196 8819 5479 9742 2396 3270 1919 9200 1288 7557
4484 953 638 6772 2073 8739 8550 3652 2837 8692
8388 4446 6570 317 7511 4429 6615 2076 2412 6962
3541 4092 4390 6334 8849 328 9052 907 7868 5898
4150 1479 250 5372 9462 5004 5339 8347 7215 7357
9106 9446 3622 8639 1580 6569 8179 8730 7807 5923
9729 3392 7903 2342 7189 5551 8378 9754 200 6711
4809 8858 90 8782 6855 9422 2267 5733 7460 2489
6458 7398 424 994 578 4564 7881 1692 3662 1161
2243 1397 4104 1092 888 6119 3948 8672 8461 2628
9496 6186 5527 3881 204 7186 7990 546 4869 6064
9332 5718 7145 4315 9261 7924 5605 4025 916 721
4847 8995 6898 4194 2328 5463 7547 3683 3758 8234
4911 4486 4977 5408 6006 2729 3524 5756 4729 5517
2824 9101 6941 9425 7446 5999 9894 2108 8419 3320
2134 7191 6440 5591 9510 8866 8141 6629 4129 3636
9127 8401 3675 8958 4372 7276 2560 8006 1186 9029
5187 4269 9697 178 5580 5062 5296 9696 3257 8940
5753 1172 4156 5782 6977 6002 270 3991 353 5426
7114 8124 9314 571 227 2368 1773 8322 5274 63
7226 6306 470 2851 5800 5233 1537 3407 2857 7846
762 3650 598 1483 8955 9409 2872 4946 9669 2915
9937 5033 9184 9803 1876 7494 1210 5048 4170 1707
8956 3137 5390 9383 506 1181 6079 7711 7880 8855
9677 2071 8009 9630 2671 2881 8512 7803 8354 6425
7353 9976 6640 1190 6197 5329 8151 6172 7742 3216
8219 3987 4094 9486 4227 9025 8293 3661 485 278
2457 3023 6339 9465 3659 3357 2525 3335 8317 8166
226 1331 4618 3075 9933 4834 1855 6625 1040 532
617 9904 5682 1206 3822 421 5935 1289 4500 9802
6488 6982 8444 5462 4774 6390 5738 55 7256 4022
5108 3907 4933 2211 7213 9081 4202 535 6132 2290
1362 3971 8080 7786 3646 4924 2866 5410 6659 2602
267 9310 2344 3178 6833 8532 9606 8279 1853 6864
1688 8465 316 1160 5260 3984 1704 9552 2632 3814
2462 2815 4458 5939 7134 6609 1741 6988 923 8008
9655 8485 2298 1746 2812 1365 9807 8183 6114 7340
1941 538 1474 1324 6148 4406 1838 3711 1193 2500
2907 5500 529 3701 4708 5950 4251 7032 941 8798
2661 5815 5629 5267 1118 7734 3103 1850 998 8146
8873 3358 3920 720 4703 5092 9548 527 7318 7298
7941 9544 3531 2991 1197 6097 6347 2470 7459 5919
6278 8309 8377 4190 6416 8800 8620 9240 8700 1394
7238 6018 9794 5156 4096 6641 2634 5585 125 9667
602 5540 1218 9023 2517 9672 2807 1062 540 7492
397 2830 6683 98 67 9327 6794 811 8765 1676
9282 1705 6135 6144 7083 7449 5312 6809 3087 4897
1918 4851 7451 1378 8379 1775 6308 6834 1095 2148
4011 1744 8521 92 4922 8966 3048 2067 1963 4
9517 6213 895 1167 5469 9375 3694 460 1640 363
4321 8273 1610 4667 2724 6921 7019 7643 7152 5735
26 9586 1527 6467 7343 9042 9999 2147 8499 634
4921 5912 6976 6010 6276 7709 3587 1592 4573 8229
2264 3032 4651 1534 5417 6826 1436 632 798 6910
3433 3352 3449 9701 5401 1873 1405 2032 2579 1135
203 1376 3935 1122 8635 5707 4218 3070 4623 5509
2982 4993 1353 6066 985 8311 3956 8853 2564 8328
9909 3378 710 947 4555 7655 8522 9116 6384 1643
9766 8021 3826 5932 15 9673 9777 3208 1259 9186
3487 8349 4266 3110 9254 3851 9337 9935 9906 4741
3520 2524 8696 8767 5826 4502 3295 5805 7081 3263
8698 6341 5920 5219 1343 9380 9195 8508 3586 5759
6246 8023 7833 5613 717 5163 8389 3718 6885 1428
3507 9627 7968 9763 5845 3844 9809 6585 6559 9607
4012 965 6122 2413 910 78 986 303 6966 4448
1140 2594 4598 8580 8577 7017 9010 3271 4884 7776
5755 594 1301 9556 3930 9203 500 8473 9570 600
2440 7754 8954 2282 4420 4764 9429 2654 6894 1587
3148 3774 1806 9965 57 6332 4902 5749 157 58
225 3569 7864 9611 4812 1710 9373 8777 5835 1565
6583 3230 7784 2000 9685 8941 6774 5510 2310 9842
1497 9636 4818 9284 3043 2019 4442 3097 8694 679
7258 1459 2476 8567 1439 6441 8149 8835 9844 8644
7372 3999 8831 2343 401 8562 9879 3002 7857 8492
6275 7590 8917 9115 7984 9557 9415 7368 9272 4078
8839 9345 7486 2773 7979 4775 7029 3858 887 3342
3169 7838 7926 7476 3122 6182 4628 509 5889 2451
6587 2308 4740 3914 5942 6810 8606 2248 6277 4914
2764 2864 3192 6349 1317 1057 152 6136 6178 4207
7008 9928 7320 4635 249 167 1924 4959 8643 3800
7379 8251 4535 3723 6133 9529 3572 6561 1525 8175
8427 5057 9026 2598 1006 7178 9711 1915 6592 4417
708 7668 4858 1078 4950 7170 4727 5223 2183 9492
943 6235 4915 5748 7626 6526 4609 9817 2913 1275
302 9432 5564 2084 7394 6877 6039 1024 9946 4263
9358 1829 730 8372 8211 8728 7847 4793 8566 2184
5608 2939 5471 2735 7796 1377 3326 7850 5614 9836
4715 4567 1995 8172 1171 5120 806 441 3010 5625
4325 4844 1499 7960 3919 2159 6727 3966 8117 3050
8718 271 7252 8200 1778 8390 4572 9178 9650 5199
5142 6143 7472 6266 2373 6086 9105 8364 2405 8015
3437 9336 2974 6533 1701 252 4641 6484 9229 352
4724 3243 9939 2511 9364 8169 478 4593 1508 102
8592 8057 2544 2063 1626 3353 7753 9069 7069 2251
2670 1706 396 976 7621 7243 206 9123 6067 9516
9363 5359 9333 6911 7130 4826 7076 7763 2550 3239
3778 6506 1517 9064 5981 8286 2096 815 3707 6912
128 9335 8483 9391 4843 3899 4339 900 5687 6579
9007 2966 4811 7708 2117 5873 3965 518 5404 8468
2144 1847 9013 9849 1029 8195 9434 8737 93 7520
4759 5435 2908 2703 3579 7691 118 147 9862 8987
9779 8335 48 4171 2083 7755 5627 4026 9436 5910
6709 3570 3403 9736 6354 1113 9096 6608 8848 4134
3955 3289 6900 6268 3637 9460 7600 2639 7743 6044
3522 5386 8294 1419 1319 126 2869 425 5865 9560
7871 4657 647 1373 4987 4654 4399 1645 7376 2250
1652 3284 3446 9600 2732 2739 8918 96 7704 8703
7595 8773 453 6437 3629 5241 7249 6054 431 3287
6056 7351 1316 5722 4131 220 8438 7820 9973 9925
8902 8998 5254 8399 3202 2408 1165 9451 9474 2743
1594 1477 7698 5881 7728 736 9311 2381 9306 7661
1408 4452 8582 6193 7949 4127 3359 4010 6913 4479
1769 8710 8486 6492 3416 5985 550 2245 9621 4978
9326 43 4166 5961 2437 9681 2061 1686 238 8115
2452 8770 3479 3665 4000 2370 142 5720 7003 2496
5324 4612 3077 3332 5837 4307 5807 7526 3668 367
9703 5883 3127 8238 7714 1564 5836 9476 337 6626
1153 3381 6239 479 6867 155 5938 471 4801 7822
5915 4575 6082 4046 2597 5620 8942 6780 9584 9156
9151 7649 7275 7159 6628 2478 9141 3593 5069 20
1366 8136 5179 9843 5588 2860 2086 2176 844 4894
3555 8705 4397 4754 1270 9916 6926 6070 6109 7125
4958 5076 6624 4603 6369 857 6503 9721 5663 8647
4163 4036 9244 8187 5518 9668 6280 6527 3414 1922
8171 1555 4986 4028 9550 1185 7344 7502 542 4954
5823 5816 2029 9663 7455 3787 3954 6643 322 3535
6145 2820 3144 3283 2284 8706 273 7313 3383 1119
4886 4685 4961 9568 1198 4409 1557 7736 5894 4504
7071 4909 8184 4130 2471 6518 3428 9288 2978 6296
6589 5091 4349 3055 2307 7235 619 9755 6875 7150
3345 1074 4467 3235 8752 2744 8922 7297 5863 3420
1815 794 2469 6051 8714 3863 4187 870 4763 3949
2314 9795 8074 9581 493 4377 306 7370 3734 4179
6607 4492 5929 8748 8904 1983 8652 1759 6857 855
7220 8191 1858 8952 7016 4234 3377 5252 2388 6887
645 3348 866 1261 7826 5861 9119 568 7646 324
6234 9991 3190 7480 4478 7608 3387 1188 6984 8059
8382 14 4772 838 7721 1991 948 2339 1442 5212
7306 9848 8611 9604 9781 5357 1312 7271 8495 5844
8026 1369 9520 7246 5587 9881 5423 4288 2856 3609
9180 209 681 5490 1332 9112 9975 9835 9582 8496
9953 4546 7942 7801 8198 7285 770 5177 2618 502
6932 6319 5155 6342 7481 6888 217 783 1493 7474
5670 4473 8660 874 430 1424 9475 6115 3330 8072
6444 2154 8621 4330 7503 4794 3113 871 5584 5078
2196 1916 9527 3498 9419 7561 3810 9839 3635 153
4799 9054 6111 6412 3315 7417 1430 3197 6249 6194
5355 3534 7419 2918 4464 3926 8396 8470 9699 4981
172 4995 6099 6557 1044 180 3444 2093 3282 3976
6542 8612 2155 5393 7521 9068 7175 8134 9753 7126
3605 9833 9433 7797 9890 5107 8221 9831 7206 1602
626 1908 9969 1476 426 1085 4083 6802 1138 9371
49 4386 4154 8243 3236 293 949 1603 5392 6081
6069 4526 1283 8616 3452 2375 2675 8415 5345 8269
8121 6635 1947 8162 3396 2007 1632 905 8627 1541
8300 1492 1175 1174 7002 2834 1830 5124 525 9642
1098 2813 3275 9759 3325 3245 3803 456 5174 1026
8743 7356 6906 312 7539 954 9547 4979 4256 5706
3962 7467 6719 3982 8094 177 810 6473 1449 2338
5880 130 7536 9864 2485 5578 3828 3871 6981 9788
6320 7466 3957 752 8936 612 5128 5369 70 3521
3627 2721 6272 7781 3879 8361 2294 5963 915 2608
1542 1380 8642 4352 4927 4273 5258 5230 1321 6007
7619 9850 3104 190 1028 5042 4511 6174 427 5247
3788 5596 3123 1351 1720 9169 1927 5038 1225 133
3921 1521 8662 9505 229 9815 7453 5830 4356 9658
39 839 1870 1234 6400 6678 7303 5575 261 5376
8960 3633 7205 3784 4180 7723 5373 1115 5960 4099
7640 1748 5352 5628 9695 9469 7380 2167 7090 82
1154 5887 164 7479 3917 7831 4709 1212 2555 2998
8284 2934 3260 9274 5431 2195 4498 7508 1767 2190
5719 7011 9657 9602 3495 9222 7107 6074 5607 701
1055 3225 9059 109 2126 8898 4241 4488 5273 5611
3947 3412 7336 376 3745 8264 7025 4014 3497 5424
9279 6548 8823 7572 7660 3596 2871 4622 9037 8510
2625 7228 8105 9344 2228 1848 1079 4126 2035 9573
6710 3109 2333 7225 8933 7501 468 4002 4433 7953
2296 4899 8040 2944 8686 357 9088 5290 6670 8471
1238 6693 9387 5079 1810 2203 6152 3229 3361 477
7909 6516 8397 4926 8140 6539 1224 3973 2012 2101
6749 6041 6302 7971 868 9357 8278 7930 6157 2954
8443 5890 4246 4035 8231 9247 8056 345 1501 1982
7851 6959 8109 7589 2121 3385 9478 4749 6108 7585
9250 1952 1866 8887 4462 859 8066 5430 5349 6350
1511 3427 9437 2554 3337 9232 2925 2802 9208 3415
7491 2755 8081 909 9542 6127 863 3519 5949 9623
7245 4355 2662 4065 7179 9320 7263 1099 5931 2347
9341 9268 6897 2013 9680 682 2391 7325 7543 8173
407 672 3695 9147 9431 8894 4192 4522 8717 2943
7967 5006 1957 7065 3171 6353 564 7155 6381 4892
5914 5774 4139 3595 8605 2669 3061 1849 925 4079
4832 6854 8177 5209 5780 1636 2818 8863 9875 6431
7010 7498 5656 651 6399 3066 2576 4463 8523 9174
6990 2531 3729 6978 7951 253 4440 704 3384 6541
4999 8870 7808 9111 6606 4668 7334 3689 9160 9724
977 524 390 1547 1698 3950 9102 4827 8822 4949
8981 2162 980 9006 7957 1465 9401 6156 3259 5338
3860 4831 290 5677 827 5391 603 1310 8218 7571
3830 2559 5200 1064 6036 1625 1828 1278 845 971
6586 8872 5291 138 9643 589 2685 5859 4684 378
9737 3338 6725 9479 6087 2300 9136 9438 5037 1273
71 4528 9651 2244 115 4683 5618 3176 5856 727
8263 5576 7558 9733 8845 3038 5678 8681 9103 5207
7418 4135 187 633 9166 3168 4969 8699 3299 4268
2751 6215 7382 548 6147 5751 3255 3658 8232 7160
1051 1355 6540 750 3631 4760 7267 4970 1414 5088
2850 2552 4745 4270 1612 8000 2384 2842 3436 5943
7875 6307 8601 3805 3492 577 519 2279 6845 7031
1563 9578 7262 7664 136 822 6726 5328 4379 644
8163 9712 7022 6769 3715 3550 6750 3438 3902 4181
3442 9074 6030 6724 37 7138 8999 5977 4936 2964
3277 2069 4116 8068 5385 5055 8316 582 2600 2054
3393 2354 656 2518 975 8095 1182 3958 6999 3509
691 6695 5319 1568 5443 902 9640 5456 1047 8975
8615 6699 333 7386 8636 8947 1711 8665 5127 2256
7821 5216 4327 9554 3484 7519 6469 7582 5792 7429
9172 5334 3945 1760 9445 8677 2505 262 9368 8610
889 8815 2212 9791 952 8339 4093 135 788 475
3503 7892 4561 8246 3157 6836 1678 5481 4159 4533
9248 75 5615 3634 2941 1946 7169 6049 6537 6916
2984 4930 7164 195 7026 8030 7168 2904 8595 9942
1019 5940 1230 8064 8060 693 3848 7758 5574 1663
5986 3128 2092 2900 3418 297 2153 4878 6367 2774
8927 5308 7986 1036 8139 829 4652 5650 7800 1598
1341 8436 3120 7049 4771 2690 6499 4309 9450 1786
3468 2749 1959 6575 268 6935 2170 9003 8404 2896
8192 269 6376 3549 3290 5009 7440 2793 3767 9488
1742 4505 3594 1429 5796 8402 6224 3853 170 8128
2499 1558 7124 3510 6767 3516 9153 7928 4098 7048
7327 106 6048 6853 9876 9241 4082 879 2362 7689
149 650 6799 5282 2234 433 325 5185 2615 6212
7867 3645 1237 1216 2947 5036 6101 9749 4617 7610
2313 821 3247 6829 455 1987 4624 7450 3152 3974
5577 175 544 7463 8450 6057 5909 4335 174 6653
6045 2897 5988 4822 4898 3714 1422 292 4784 1255
4606 6576 9424 8590 1817 2589 5593 6084 6463 2530
9331 2494 4199 1925 4701 6208 3346 4600 4947 597
5444 8135 9255 7705 6731 3852 6301 8663 9157 4756
7982 7778 9955 9304 7445 9185 2433 5204 257 9192
4240 3833 1993 4716 7688 5926 784 3765 8893 961
72 8661 8344 8588 6783 5507 9194 129 699 9503
7961 2909 6859 6102 2936 5110 5321 5144 8298 9044
8302 4483 7699 8031 2352 6435 5573 3491 4428 3126
1350 3401 5594 4230 1943 3854 2103 9797 534 476
6391 2124 6801 8948 7994 1090 6443 8004 5732 9407
1802 4596 4576 5242 7121 6992 2994 7948 9388 4142
4024 702 349 6881 2387 3777 983 1060 9884 1226
7423 9260 8844 7369 8272 6822 192 6483 4391 9868
3680 8318 3835 2831 1384 1201 1306 5785 7702 6059
766 6439 9958 833 8974 9774 3529 6285 5984 6605
6042 4490 1533 6924 1945 348 9018 5846 919 481
8045 7108 4457 6581 2216 3670 1266 5524 851 5293
1285 7681 8982 8410 7195 309 4778 872 9057 272
3508 7623 1101 772 2031 7920 5248 3306 9780 7444
771 8597 1304 5262 4280 4785 3298 5195 2135 7282
7209 2967 3551 1223 3610 6972 1110 3731 993 6644
4527 8979 6914 1715 5924 8695 1177 3240 4515 4761
3488 4967 4367 7893 4108 8216 5351 8088 6090 3600
2116 7266 5194 3021 5703 1481 8230 3003 514 3795
958 922 7241 4674 6221 1313 6091 692 6684 7067
4731 332 8742 2561 4788 2657 2980 1723 1043 5133
2917 6952 4363 3125 6211 1725 5516 9275 4302 3648
9535 4138 8820 6026 1403 205 6775 6993 1400 9361
1243 4960 703 45 17 414 3063 4475 2005 3136
8723 3397 2931 2619 5129 5504 6227 7792 156 4239
4424 8475 2163 1007 2945 374 7433 9182 7259 2214
4300 3780 9549 6870 3773 2128 530 5503 4681 668
4407 9281 7469 1928 6843 1235 1975 6739 6985 7791
1763 4388 285 3303 6058 914 5554 7322 5560 4402
3866 1423 2651 5214 1882 805 5103 7190 4418 3740
405 6461 8091 8525 2074 9093 5775 1589 4656 4633
8355 1835 6692 8608 657 9130 967 7112 5323 4421
1856 561 4298 5360 6226 1953 6732 8130 7483 6257
1772 7872 4435 850 5058 7584 1318 9612 258 3017
2080 992 7591 3660 4279 2779 5532 7389 8185 596
8757 6107 3206 459 1148 7139 6866 5922 9062 1543
9528 2583 8761 4867 3159 1974 9645 3540 8291 5658
7399 9211 2506 4128 2285 6907 498 119 7030 2889
1180 7780 5483 4825 23 6637 5536 5537 7324 4865
315 8260 7388 642 3573 294 3201 819 3009 7157
3807 7438 3779 6254 1035 1136 7104 7799 8965 7605
1733 8250 1735 8731 1863 5464 3469 201 3470 3478
7793 818 8843 8104 391 4350 5050 3977 4336 835
6106 9863 2989 2449 4431 8016 6154 3537 134 8768
735 8120 7644 848 5617 339 793 9076 6961 856
4161 5851 3801 5672 4204 3886 3090 1258 6103 8626
2327 7614 8977 729 4293 5010 3979 5100 2463 1374
6797 2337 9587 7674 1245 3526 2001 6649 8145 2705
1009 9720 9249 1823 800 1683 7580 9639 8085 6819
7554 4242 4052 6987 3691 5899 9027 7319 9482 9812
368 575 5370 7936 197 7835 5742 4072 3682 1381
6707 1536 1017 3504 4219 6377 7809 7066 8721 9083
7200 5447 6413 7533 767 5412 688 232 7548 7326
2392 6255 2689 3532 8722 5690 2636 89 3121 9390
5962 5731 2708 4507 2533 5126 6325 5190 13 2160
9280 5654 7296 6140 9723 8303 3628 1108 6250 7895
1874 4043 574 8932 6233 2258 1799 3997 6372 8778
4425 3408 9173 1973 2668 6245 3485 6450 1097 2929
8249 3319 968 1107 7281 2996 4937 6282 6723 5298
7609 6968 3316 1168 1500 3331 7427 6754 4191 8217
5681 7779 2276 7426 9661 5686 1697 5364 9940 1133
4655 114 5065 8864 5646 7995 5276 1475 2099 2921
6125 5268 2595 8931 9506 7574 8147 5166 3972 7105
7096 1240 8086 3927 5284 4482 4713 7428 3928 4735
2992 3995 9828 4948 6137 7434 6374 5582 7328 3938
4720 869 3557 4066 3720 6406 4333 2976 7321 8720
4815 5450 1649 9708 8014 9921 9648 1713 936 7542
2667 2898 7556 3422 6459 581 9501 3824 3970 2679
2156 442 4895 9193 724 9346 3400 4680 1550 9654
3018 6882 2890 2118 2795 7299 3499 4276 7917 2912
6452 7280 1328 7816 9893 1427 785 2665 1016 6785
7987 3980 3119 2745 8481 5891 2283 4697 4934 7435
4416 5139 8729 4278 539 1503 5130 9245 8569 7628
3374 6363 4208 1114 517 593 8123 6232 12 2794
6663 2590 921 4912 6666 2819 9992 9919 1407 9435
1435 6761 697 6970 3644 5005 7555 8093 2004 7279
3151 4953 2020 8083 8754 370 1737 6149 3372 132
9359 3496 5458 712 2563 9647 4548 3861 343 3458
5433 8039 9971 495 7051 2089 7914 5970 5843 9043
1653 579 1231 1554 3020 5786 4392 9727 9266 5287
9622 9990 3138 6505 2213 4725 4368 6011 4538 1027
3756 9480 8678 4531 2623 8442 2613 2280 3911 5228
4062 2329 3986 7785 8247 8859 2446 338 1042 7231
981 9967 9452 8357 4808 8530 6005 2604 2748 1268
5396 8920 8488 2953 388 7632 7921 5411 7094 966
4370 990 411 5149 8899 7208 5025 1438 483 8574
8762 7602 35 7841 9014 677 1854 3451 6876 7703
1631 1145 8774 6890 1834 371 8033 6016 5589 5289
342 3968 8658 2185 9576 9015 1284 6480 2578 9751
8837 1865 9397 9865 4460 5855 5255 6465 8552 8043
3432 1014 5824 2727 4144 8224 9328 832 6429 9079
719 8498 8984 8366 7810 3083 2725 9189 531 3045
884 8847 5710 5583 9883 6078 2193 8775 2698 1595
9571 1494 4088 9142 6631 3134 5700 6682 4800 4940
6248 2268 7883 7211 6247 1322 9491 6668 576 3149
3604 4177 5653 5741 9688 8807 1008 7676 3500 4147
6462 7919 1202 9760 9086 74 4188 5778 9920 629
6216 5556 7301 2359 4243 3071 5002 6931 3692 1660
7634 3389 2677 4427 7637 7091 1911 1588 1528 9078
3051 1892 2057 3130 6096 8886 4853 8891 8973 6449
1655 694 1977 482 7974 946 1357 3772 4007 19
3671 1396 7722 5553 8628 9117 6415 2529 4453 3607
1699 3132 1287 6471 6939 5832 7024 7352 9702 4109
4839 6600 1571 4143 8153 4233 336 1269 2053 120
9675 991 7393 6256 7719 5900 3738 2085 4813 4925
9561 743 9823 9903 6733 6405 3493 8860 5813 7764
2169 2814 1644 908 4728 8025 6717 9693 741 4816
8106 9091 5305 3089 2305 2717 4306 6812 8664 5434
2806 2407 6599 3523 9738 1128 2642 7964 6414 4661
2464 9610 2260 4090 6788 2227 7522 1460 6675 9233
8125 3809 521 1668 1633 4569 7339 5820 9230 1002
7310 6872 1757 3776 507 4723 6647 6621 4319 7120
6525 637 3812 2747 6742 9454 7239 778 2537 7098
6368 1487 4137 5789 9239 5429 2718 7940 1672 2098
1920 7717 1800 4738 6572 6840 865 9577 7042 7741
4817 6928 9980 1839 9998 3395 7731 6428 5378 2486
1972 8 5184 9743 528 4112 5599 22 7762 3264
7342 9948 5432 4889 2003 1363 6687 5825 9161 1305
5211 7210 6672 7274 7086 8726 234 2232 7116 6958
8632 8808 4882 1803 7106 1091 3786 2172 1468 2611
1315 1530 2050 6365 399 7898 8385 2562 1750 3791
4780 2716 6364 2341 445 2241 7144 5869 2011 797
9041 7587 8002 8090 9619 2582 8676 7335 2062 3281
362 792 7109 7174 3620 1093 9226 3450 3598 3382
9370 7248 7074 3838 9526 8205 3672 6015 8062 5208
5734 9237 1926 194 4984 7901 2157 9428 4570 7039
932 5007 4260 3115 9609 5269 6027 5519 4653 2348
2933 8992 3453 1 5716 8460 3592 3140 3856 6504
8568 2428 9459 4212 894 7055 9204 6997 4375 1579
7726 5696 8657 1875 4290 5302 4877 6909 8850 6312
515 2536 3131 1388 8280 2474 8944 9303 7056 4928
6566 7095 9 6764 6075 9499 8113 1105 3366 3307
7260 753 2832 7981 9471 9075 5840 7355 8241 4744
4254 8938 9993 4777 9981 181 8451 9947 2522 3015
6708 9649 9077 2364 5145 1214 4174 5147 6192 4521
8810 3069 4860 2993 8533 5604 9566 5113 4121 5335
4497 2512 5112 3091 7177 2983 2120 7958 4828 182
2311 4757 5610 254 8852 5138 4639 7020 6077 5197
7579 9783 3191 3621 5399 474 1152 2870 5763 7645
9322 2334 7237 7531 6979 6210 4694 4118 6093 360
1370 6200 7996 9694 4988 6130 2999 3363 7412 6665
1860 5452 2790 6899 8143 1546 4287 6158 9386 8020
3688 7633 2386 8527 2568 1323 2585 7906 7774 99
8638 9580 9379 2553 88 5662 4666 4786 5243 9692
9315 5192 641 7062 3735 5485 3223 284 9885 5811
4917 5168 480 7493 5465 6362 7740 7998 6737 6778
1352 8370 7128 5246 3794 4863 6321 4662 369 3865
8341 9212 4353 2720 7291 8446 7625 8220 3518 1073
6752 3905 335 5441 4223 7712 171 7161 7470 1641
4848 864 1818 6214 3411 2002 8732 8514 9276 7021
5683 5327 9000 9265 1578 3515 7244 2426 8406 8425
8758 9778 8892 9016 7685 7897 2390 5018 6489 6917
3769 9819 7836 5070 4152 4148 3895 4183 6611 3724
5027 7729 2374 3709 9107 4994 830 6513 3007 5073
6120 9447 6171 3749 723 6073 7693 3273 6594 7236
1843 8825 236 4360 2710 5333 7657 9139 1674 883
9889 9053 8449 9575 2420 8787 911 4985 4214 36
1845 5522 7119 2853 8912 5059 4201 4566 4733 1942
823 9888 3379 4820 8462 2601 7566 7082 8007 1404
6919 2415 1868 3904 6613 7135 970 282 6891 537
1582 5864 7496 1077 6375 7141 7129 1080 2687 8257
9146 512 1852 319 5028 4117 1308 4705 6327 2111
2378 6291 2750 230 146 9966 6918 5757 6259 1490
6491 7905 2731 6240 764 7163 2357 6001 7962 1458
2483 9537 117 3164 6180 1814 6770 4702 4189 4704
2113 8586 8242 8422 3334 6650 2584 3943 9118 2221
2969 643 4064 2018 5497 8426 9961 6199 9540 5161
8529 6862 2477 9351 6219 5666 3681 8474 8235 8783
1600 8287 7452 4992 1523 3677 4669 1664 7989 3642
8491 1466 2958 5051 2240 4762 7952 4155 3371 8594
7993 1885 3349 4089 7036 4437 6159 9811 5165 3322
7075 7636 3173 8034 5973 8274 215 625 8261 588
5141 4091 1518 2740 9063 7073 3199 2659 9128 8019
9867 361 5193 1831 8744 9567 7765 8756 6847 5852
3203 9574 9508 4008 5281 2150 1648 2349 452 4560
5084 1992 4018 8689 7255 8188 2519 4939 3256 3172
8755 6696 6622 1937 2143 1622 4613 4670 2606 4695
145 6955 5367 6578 3733 2596 4231 1988 463 3857
6262 639 4747 4365 5966 1581 2188 5077 957 7670
7358 4559 4710 7137 211 6309 3608 786 3575 4106
974 6083 2614 1227 1125 3102 5317 4095 1970 2209
2538 8997 5056 9767 6142 5071 5089 4607 9899 1703
1880 8240 2975 6800 9834 6116 245 5563 1844 8534
996 6716 3654 6088 8572 3205 1886 8993 678 3474
9098 4903 4658 4726 9457 6438 7167 5601 5925 1605
3746 7641 3112 6188 2443 6789 4436 9329 9829 660
4357 7045 5266 2695 2165 5189 5342 2914 5721 4423
6729 6 7720 873 2151 8295 7487 3841 4732 212
962 7947 9500 8914 1785 4369 1372 8598 3193 7196
718 3217 5570 8619 7599 1788 5787 444 2088 5739
3161 7277 9487 9395 7549 2253 3441 8869 4332 5784
2928 6445 7586 5664 3525 1510 4084 5788 9183 2660
4160 1356 3095 5413 2458 4866 8044 9949 9951 918
1440 7289 5072 6150 6835 2566 543 4743 8829 3538
2046 8168 1205 464 1129 1462 604 8367 7089 83
9073 379 4229 2523 8340 1964 8867 5075 5996 956
8502 4422 8424 6758 8613 51 5382 1004 3639 6464
2432 3574 4158 7842 5538 3434 9439 2534 9735 7012
7272 5109 9414 9800 2226 7814 1023 1337 9814 6118
6317 9936 5849 4297 1820 5902 256 9338 3770 7300
2171 4951 5709 7662 3744 3975 8463 4316 2425 5771
3180 808 2335 2916 898 5365 2988 5111 740 2133
1330 510 193 1857 1583 584 8682 3837 9317 5884
4294 7576 6714 2681 9145 395 4167 5215 2845 1067
5921 2472 8058 1361 1420 9652 5561 5872 9302 5769
4806 9198 2858 9796 1516 5240 2112 9219 4696 218
7715 9049 5032 4347 1344 4580 6669 4224 7093 2261
1889 5491 7577 505 6517 9061 1615 6164 8970 6343
8180 6558 7240 64 7775 6316 1455 1532 1157 5987
7457 8957 7834 2026 2924 9235 7037 6020 979 6582
6407 3817 9410 233 2957 1712 150 4765 9539 7760
5379 1123 1878 7018 2932 6730 7997 6313 1431 559
5828 3200 667 10000 5600 5320 1529 6029 9956 5371
8084 4494 4382 6203 896 6477 2981 30 1387 5405
1478 8428 9872 6523 9137 9340 7312 9514 9313 2429
279 7110 796 3763 9880 7922 9758 9826 6409 7269
9769 7588 5015 4887 6161 1796 9907 1251 7113 5182
5066 7680 9617 6808 7407 2569 1753 2239 5752 1457
3883 4343 6938 3783 1473 4923 9020 2508 6964 1761
2450 1441 927 461 2072 3013 8158 8687 3868 4532
7992 1794 7295 8457 847 2409 1954 7972 7745 5096
5310 7333 9066 7197 9216 9011 7530 5236 7437 9887
2006 5679 1562 1124 2692 4184 5011 6614 6547 8157
3643 423 4916 354 7302 4326 4034 4444 91 3649
8381 7165 4401 5862 5543 8556 9827 903 4237 9790
484 3819 9959 2995 4692 3602 1131 9188 4331 4047
6366 3212 5044 5867 6791 7884 1513 2017 2502 3105
2202 3751 6433 7265 7456 7931 706 7354 8138 3194
8202 8174 628 3158 5689 5549 7350 671 7424 7894
2930 9874 210 2877 6787 1398 4989 2102 9278 1290
7247 8001 8387 1716 1784 3324 4209 5598 8500 2548
7509 9713 8618 2394 1958 1630 2174 1569 4100 8433
2893 5877 1514 3818 2459 8882 8101 969 9403 6411
828 415 972 1146 1637 8888 563 8100 2754 3553
288 2431 734 1932 1399 1445 858 5839 7546 9930
2252 1222 1833 3078 4980 9792 3942 4381 7403 5643
5764 3684 7706 6183 1840 2309 5750 5641 6908 5116
5829 8923 5770 7156 622 4053 9427 6937 2706 1217
4277 9631 7675 5286 8223 148 3934 1846 8176 8054
8962 2424 6454 1888 7759 2776 7638 3312 2105 6225
1050 8204 3893 3340 3062 5455 2571 5586 1811 6456
2372 331 562 6008 2822 8622 3278 1232 5725 8440
1877 1012 2699 318 8679 8342 6930 1086 547 4077
8267 725 8879 2682 6046 384 5990 5908 8046 9305
7461 9269 3676 7033 7944 3261 8581 3111 5642 492
5442 7420 9171 7345 6055 8119 7293 2951 2168 2876
7617 3742 3022 1291 2270 8036 8393 3198 7916 6387
4493 5790 8691 4501 635 38 2861 5603 4358 3736
7378 4614 2358 7918 9394 3466 2322 6271 3053 9804
621 5122 8077 3181 6878 2782 5294 5489 6590 3080
4699 7663 9005 3036 5568 2927 2873 4337 6260 7955
9838 3248 9349 2468 3511 2742 7896 186 4748 5879
6395 1446 7694 198 2303 4595 7991 2441 9413 6947
5951 9974 9530 4389 8780 9877 8543 4102 2753 8368
2843 7512 9901 3251 1891 804 9366 5841 554 5094
2254 5104 7540 1584 8603 4434 8697 3560 6753 5531
8013 1618 2535 4124 9417 8131 4226 7859 8236 1837
5647 9905 5904 1894 2644 6095 7131 2756 7559 85
9296 2556 1011 8541 6956 5340 4073 1452 6893 7671
2906 5054 9168 8520 4677 6252 2972 6198 5101 9806
7752 7564 8170 7856 8152 1195 6597 6012 350 3293
6874 5460 1545 4198 5325 4140 7007 2803 6821 6060
6155 2136 7882 1614 2919 4833 3706 4973 3279 3196
8646 3042 2306 9594 3725 4182 2207 5301 4956 9687
3726 8937 3951 3589 2130 8315 2581 6357 33 6869
6892 6065 648 235 44 9316 5622 6495 2204 3762
8395 2321 2304 5850 9134 1453 3268 8524 4050 4020
2456 733 347 569 2603 1871 8186 533 7679 5336
843 5927 6656 583 7750 3209 3000 3044 8270 6755
9637 5638 7316 5358 3472 6303 3737 2580 3576 9756
6825 591 763 9416 7749 7517 1393 2903 4410 4303
2575 8877 8928 5511 8421 8659 8418 3623 2707 7963
5118 2977 4549 7154 8712 526 111 3985 7447 5046
8967 4451 9761 9381 6359 1169 112 9588 5535 4197
389 1130 9191 8516 29 1702 8988 4122 9295 3901
3014 4907 1049 4620 7937 1402 4578 4069 9585 7415
8741 745 1063 4032 2892 2197 8885 881 9572 6880
4153 2715 7650 6591 6974 6790 5188 3941 6037 4673
6335 4767 9750 5205 9717 6451 3882 8795 2631 4285
7604 8369 458 3961 8701 3501 2828 9205 9443 6455
3667 7023 2593 2055 6715 7904 5157 6535 9825 3467
4157 5868 1484 7673 9873 6922 8051 2513 2052 7497
7273 7665 2817 9665 1418 8781 5853 1100 5087 4215
5858 7565 9318 8641 4340 520 6636 1211 2620 707
8906 2403 2640 2635 7513 2421 9679 613 1869 9321
8299 5137 3106 7999 9618 6104 4080 7143 6124 6003
1485 3588 163 2588 77 2324 9522 6270 6487 7304
6138 3741 2461 9177 4168 394 5034 6117 6123 3802
4101 9056 5723 5021 5001 224 3559 6820 1233 748
8456 7505 2826 5047 737 8991 6697 4629 1914 1329
3489 6837 9666 6848 3836 1765 8804 1155 8881 1538
3887 6796 9330 4929 7507 1567 6991 7227 3483 7153
5795 5772 6050 7913 5697 3147 1787 9036 5876 4509
8806 4840 8305 6610 440 9519 6453 4963 8976 7218
2641 6980 9799 3388 4221 196 6263 1754 4790 5542
8283 9852 4245 11 560 8653 4646 700 7766 1591
2949 3931 9152 9912 9775 9097 7751 4105 2366 1335
5874 1658 9984 8265 6230 4540 4523 8875 9846 1895
8907 9221 3462 9273 2838 221 6983 611 2224 6839
9854 5806 4647 8233 8596 8788 9124 3327 2401 6000
7371 1066 5777 9121 1657 989 1208 5017 9944 5548
1624 5480 2970 8549 1900 9046 1967 5278 4284 5244
9283 3799 2077 1879 7730 9481 1383 7292 1832 1469
8194 160 6017 3666 2416 4345 5916 287 5014 9028
824 2986 2637 9782 8448 8771 8929 7815 8041 5150
4791 9910 586 448 4430 2987 8290 3142 7361 4636
1183 2666 8640 4586 4625 9463 7692 590 1194 9089
4962 7425 849 860 755 1998 5888 8254 6721 8760
1000 5314 9144 4891 9855 2769 6094 3380 5470 1213
886 8826 1409 7057 5420 5299 7804 8630 5512 8751
1968 5802 9159 9982 7173 7725 4259 4281 8989 9891
9986 5668 7148 8570 422 5488 8749 7230 243 8063
695 9072 1276 8487 2704 8038 2902 9170 1731 2022
3967 2198 6258 5477 9449 3696 2223 2259 4905 5619
8244 7767 1127 3096 2139 5804 8292 7860 8939 5565
9484 277 2492 5326 8312 3139 2039 4248 7534 1072
1921 2899 3041 9080 2140 385 9922 4023 9143 3163
6895 8945 184 5090 2804 7465 9176 7331 5870 1628
1443 1795 9926 3308 9367 53 7773 6493 6427 3580
8587 2624 6434 3896 7421 9608 183 5776 3301 9987
9960 7975 2142 3533 3355 3347 7761 5953 4236 6690
2377 5712 9656 557 5684 8745 6500 1930 9012 1054
406 3426 1391 9808 4552 7122 7747 4719 4301 4525
7079 5667 2664 5117 8951 9714 6318 1883 9732 3804
1726 2835 7221 7789 8324 2565 216 7027 6685 9021
2546 4447 3369 7748 1629 1253 3544 5239 2493 1670
2104 6507 6068 8037 4964 281 5451 7523 8961 5337
3461 7362 616 6701 2218 6619 4133 2402 5993 9805
8430 8360 8394 8515 1901 8557 1933 6344 2301 4328
7611 50 1566 4675 7950 2801 4003 5727 199 751
1734 4881 8715 5941 8320 1505 6476 7216 732 3704
2946 3204 5882 1046 6871 2382 2884 2846 3029 18
3697 5992 8437 7594 9389 3459 6043 901 4850 9251
4186 9641 6634 4690 2145 5765 9292 3978 5530 4711
9017 9231 5206 3447 1109 4366 5704 2674 6421 7363
2885 1379 7932 5171 6563 4380 1176 8092 1708 2810
6401 684 8373 3350 7308 1263 3820 7929 722 4632
5121 8818 7718 2175 4443 6562 7970 8227 2036 3311
3937 1296 5834 4803 2956 2879 2960 5437 375 2455
934 5541 8724 5427 9633 716 9704 9632 2187 2023
6330 6389 8519 3590 9932 6560 8212 5461 4689 4814
5952 6264 820 2874 4419 558 165 3612 4615 1910
5428 3816 2360 5809 3936 6736 4918 9228 9323 8076
9504 6751 5493 223 1771 7973 1120 8352 4480 3889
32 6080 4449 3100 6738 7653 9164 780 3885 3825
5049 5368 5086 9625 4203 4456 108 4299 7830 7142
8803 9497 1585 4722 9615 6798 2417 2840 7798 364
6031 7448 8750 3058 321 3486 2696 4644 1939 4966
6047 9325 214 7290 5237 2231 5140 615 5249 4412
4997 5134 8542 6170 7853 3351 8416 320 8222 4536
8417 6348 9856 9559 5886 964 6460 5959 8779 935
4870 8028 3561 933 7877 1239 266 1872 9785 4021
7677 244 1762 5406 3440 9277 6244 4855 726 2520
8047 9149 1386 5640 4097 2787 7819 5448 5164 6502
86 9087 8321 4250 490 4835 7397 9764 4359 2041
6889 782 4627 2786 3719 4919 9555 5956 6851 2448
1751 1281 8633 1635 8155 8346 2129 6092 1793 3402
7777 5040 5525 286 1556 8801 6700 3781 5626 5151
1768 7408 8208 2920 6713 2768 5633 2959 746 3047
6522 4013 3597 9298 3721 5569 7795 6038 6274 9646
929 9994 775 6565 499 1299 2646 4049 5699 4317
1682 6169 6378 897 9271 6265 1627 1089 466 9509
5264 9635 121 1395 8408 5745 757 6356 7659 8813
8964 7656 9911 3409 4103 5934 3708 1727 8651 1756
8908 9683 9524 4067 4553 4524 9660 280 3760 5848
7471 3099 3663 4305 5398 7365 6033 435 137 2863
2491 6805 1902 3241 4717 6361 1200 7866 9908 8535
2630 6596 3685 9040 2746 920 5982 7648 7985 8067
7635 113 1297 3821 2075 1673 1411 1881 4312 7068
1470 676 4864 2191 6633 21 5061 4766 4519 9090
7890 418 3133 7686 9109 4149 3834 166 6745 4322
1498 9985 6324 7473 9730 4534 5253 7146 2622 6765
3285 6040 5419 2701 3086 5136 6886 3512 4700 1792
59 6177 7710 7462 2599 7014 3702 8675 275 2875
4107 9671 4557 1899 6496 6734 5893 5521 1764 7072
3539 8348 9207 2447 6379 3732 2161 1488 6398 6004
6508 8504 8711 1041 9565 3912 4085 8583 7832 1736
4378 8480 5562 6380 4611 1893 7553 2079 5375 9035
8736 4798 7193 7902 6779 6520 5135 8108 1464 4861
9034 6679 8118 2852 7560 988 4802 2633 6315 3864
2178 2479 8420 8478 7639 4597 4314 1685 8607 8453
1447 5660 2045 7811 8276 3026 8228 6852 4119 2979
8127 3165 2215 3875 400 1005 6934 1338 1277 8649
116 1096 9307 6661 6139 242 8645 2592 5384 7454
8358 9055 8313 1700 1520 7395 9690 9227 5119 2094
4520 2365 1659 8842 436 7422 2629 609 8526 1220
6543 9217 2712 3390 7886 6206 8846 3617 9294 7613
5026 7059 6218 9290 840 6121 2587 1179 6105 4232
5995 6846 5097 4304 928 1071 9605 549 6925 6795
3693 9718 2049 6273 924 6403 6126 3146 2808 4568
5688 7401 1709 2700 3231 2691 8688 5132 5545 940
4384 5634 9378 4169 3846 1841 9493 5502 8266 207
5031 3170 890 7943 774 7270 4059 6946 6404 428
7341 5318 3272 8614 1966 139 462 2316 4261 6297
3074 380 9923 7829 5008 1613 3571 1752 6849 68
1360 624 47 5478 1203 2411 4041 8314 4619 9762
3367 7504 6777 2498 7396 1056 2503 4718 7840 4176
7983 7514 6971 1058 8900 4217 6740 3811 5160 4508
246 6373 5409 8391 8854 7166 9246 449 545 2942
4965 4626 5496 7006 4982 2275 7854 1730 2626 3616
4030 3443 2509 1081 9820 40 1570 9614 1247 1001
7845 3460 6530 4496 7770 3939 5659 580 6501 999
5 3888 7744 2404 8075 6807 2082 6100 6510 2272
8838 6660 3963 4114 4584 9941 6655 1985 3506 8579
4679 8167 2827 1339 6949 9533 8656 2048 669 5377
997 4206 8129 9534 8693 4162 8792 2044 3088 9629
3364 8834 4257 6486 6521 4582 885 2765 8178 8930
9190 8934 7907 4405 4563 9423 1416 555 6838 5146
7475 3028 9837 2299 6217 1426 8538 6748 3262 4682
4323 299 4267 8213 3266 9691 8809 231 274 1719
663 4643 3897 2043 6333 653 9896 1061 5492 7314
5292 1553 4594 2430 3288 4890 7411 713 5449 4292
3360 7933 6920 7199 7202 3329 4196 1821 7181 7899
7535 7563 7852 2454 2540 9110 5937 1486 2643 467
6311 1303 4311 5275 3274 9126 9019 8359 3370 16
1320 8148 1999 1292 7060 2733 6310 7562 7044 3101
3849 5762 1634 5779 9518 3339 1623 2688 6446 1298
4698 9441 9722 5606 882 5218 5508 6577 7908 8544
4605 5022 1798 3030 1021 7528 6190 2521 3463 8776
1415 9252 1059 5389 9008 265 5875 4318 2694 8874
6351 8182 3001 816 3234 5847 3226 1608 7182 8132
7233 8790 1714 5971 5972 3727 7939 8069 2880 3154
6722 8061 6237 2652 7005 3545 2504 9400 6529 8704
689 248 4558 6447 5060 8589 3750 2865 2484 9418
5023 5306 7515 5969 9270 8851 9634 6279 5645 9458
2033 8753 6768 3431 7538 8403 472 8150 8840 5913
7309 9385 4413 3035 8830 5494 5705 8924 1931 4063
4006 4871 2330 366 8304 9917 2326 4057 6269 94
5895 494 8786 8333 795 4310 8884 1535 9770 2293
9154 3542 1724 623 8022 7488 978 4455 9776 3867
8623 7287 9596 4544 1780 2021 5746 1236 9045 9857
3252 3759 2697 7212 1729 6604 7414 2152 6776 1106
1489 8536 9851 5053 2081 9546 8719 6281 4517 1639
5363 6331 3869 8764 9297 6410 5152 6720 2516 8160
2543 9009 5213 9545 1267 5068 7727 6396 6784 5315
7946 5222 9155 6803 1015 9405 9747 4265 8883 5637
3417 4228 4935 5030 5350 1454 2990 6110 9032 5440
7384 314 5799 627 4351 787 4037 8880 3730 6024
3027 9490 5930 3233 6284 5003 4145 5694 8297 8600
2656 9924 65 1448 3064 8802 7151 6689 1053 2346
4048 8670 1467 4164 9531 9225 6479 7683 2068 2465