6303 5987 1432 4705 5578 4040 2714 6336 9101 7330
5201 4349 8766 6100 2058 1503 9498 5495 9260 349
6367 9798 766 4645 6120 8207 9522 5159 2723 3719
1004 2969 6092 9903 2705 2450 3020 7544 5319 2120
2605 8833 7408 9492 1658 660 747 8577 9907 3994
7489 2563 7733 7289 3032 3857 2336 9928 891 4877
7035 2254 5532 6611 6426 1579 8159 5258 855 198
3894 3749 8631 9825 1834 9436 6999 2993 8036 6051
6702 4821 9410 3346 1782 727 9121 8143 1180 2943
2764 4383 7598 2794 921 2499 2892 1898 6480 6034
3743 3121 9627 1279 1357 7729 8347 8033 1570 1933
9812 2005 8208 4409 5994 3156 4063 4945 3912 3978
2671 4797 9199 9799 4150 9761 4981 4302 2039 6461
997 2063 5573 4940 6503 6182 2638 8442 992 6910
9971 2394 5861 7859 4829 2903 1740 1580 5342 5618
5221 120 2830 4437 566 1851 7026 1640 4206 7557
4094 4472 3563 4283 8175 8172 6815 9909 1708 6646
9360 3487 4822 4026 6624 8616 984 6509 3300 8899
4280 5667 6247 4446 6492 810 886 4216 6221 9317
1775 5744 1014 141 6484 6225 2718 9022 5327 4964
795 9058 6983 3389 5603 4944 6388 9074 4613 2548
4678 4850 3438 6793 2641 3576 6310 3161 6091 3694
6281 7772 9055 191 3058 6877 726 7020 1135 9053
1705 4091 4208 598 4543 3025 7627 9307 4033 8986
1993 6189 7008 4987 6834 9324 6823 5510 1535 317
9011 6065 2937 7139 6582 4346 8871 9374 3650 9643
6920 7633 774 8203 1007 3706 8060 6095 7280 5373
1223 9897 3208 7191 993 2485 6558 3116 4759 5773
5188 6875 3075 229 441 2116 8777 5868 6648 9552
1890 3778 3067 5628 7379 3157 6571 4886 8793 1799
3003 3934 5237 8345 1573 571 9220 2759 9244 3050
1596 6883 969 1477 4769 4132 3240 553 5423 3839
6698 449 7759 3286 7206 825 8338 9749 7617 1725
4039 8542 9013 5315 5740 511 5253 5906 695 7844
5766 4989 8167 236 6816 5478 7991 4956 1756 4435
3280 3959 9633 4403 9103 6800 1039 7592 8040 2097
7372 6171 8418 193 2360 9112 7674 4575 3691 8196
7678 5029 2738 9309 1022 6242 2976 1968 7547 4028
8636 5166 7970 2758 1744 5274 1912 7645 764 2112
9250 759 6033 6329 2742 6195 522 9919 6226 3679
668 3752 5796 9998 2278 4423 8399 7262 7091 3531
3703 47 3844 458 8610 1980 1675 5926 379 6026
7363 9035 1916 4892 5451 2962 418 5792 5041 6795
350 4809 2619 718 9961 8571 7692 4299 5979 3218
2517 7955 9755 1351 536 636 3453 8752 3047 3571
2395 7548 3418 7417 9832 4695 8407 9332 7329 4580
7 5837 9415 5715 6701 9496 8077 6097 6382 3463
2761 9964 3043 8886 4551 712 177 9030 881 8037
5320 5955 5460 7671 3663 7914 3317 5789 289 4175
4493 9845 8866 8487 4254 8733 5557 456 7523 7260
283 5734 9430 188 1777 1017 972 2722 3668 9097
2575 1801 5153 1392 4172 3314 7837 8514 216 7305
7435 331 6870 3657 6316 4815 3855 1168 7064 7579
1578 8929 1666 1367 3572 5750 138 6618 2845 4301
4804 5645 6076 5015 5638 3861 7504 8215 9071 2818
7833 7942 5123 8209 6684 6906 1255 7240 8019 9911
9497 8685 2998 2113 4653 5615 8717 5753 7851 775
2693 9917 6884 5412 8234 8725 7532 5749 9356 7667
1259 6843 1595 9422 2309 8435 8728 4173 1781 3793
8464 5343 5821 3840 9301 8729 2219 5543 3562 4084
7431 4270 6115 9894 4369 7154 2565 1038 743 4340
7565 413 6928 2024 9581 5293 3460 4157 9067 5470
3992 6166 631 8095 4327 6089 1692 7822 1071 6230
6612 1495 4427 9560 8006 7721 6369 7155 3148 4706
2138 4675 8621 5666 3718 3756 7307 6086 781 8469
4969 7273 7354 3129 5173 132 6268 6326 1235 7189
8915 6269 9640 4847 426 9459 2414 3467 654 3583
3822 3926 5210 1305 7036 6717 8437 3381 260 8548
6572 8073 7880 734 1794 9948 4516 194 3552 2532
661 1826 9082 1355 2226 2099 7920 1274 7708 5362
9057 8133 16 5625 5738 4115 3191 4601 5012 8937
8946 7332 1068 9465 5091 1913 8784 2661 6344 2585
2166 8365 7861 2481 1216 9855 3962 6172 4587 8413
6734 8478 2853 3301 2918 4225 7519 405 1910 9651
3681 5762 5795 7677 4353 9695 2332 8982 284 6392
4998 7554 7234 3669 8898 3726 2753 765 5449 7475
7709 7847 5252 4664 2838 5995 6037 4099 8508 7770
2856 4168 2131 3333 4230 7922 3329 3723 8713 6833
6505 8862 5931 557 9802 8667 2627 1845 9609 8521
2478 8996 6570 3975 3077 8028 2874 577 2030 6079
9734 7845 3924 1870 5946 7266 1650 9571 8597 8350
1121 4448 122 5276 6765 3764 1711 8151 6771 5483
2920 5292 388 9645 9615 5513 5345 454 3510 1894
6657 5440 35 5081 4534 8668 8850 6413 9197 6590
1747 3289 2955 165 9399 9813 8744 9661 5975 6802
6741 8054 9910 5194 8122 292 398 4992 8141 9833
7123 9814 3946 4497 5616 586 8380 9333 8319 3983
8745 2519 1695 7939 5211 828 164 6727 3485 1230
645 9438 6840 95 3491 1407 5954 7511 1639 9733
6062 4057 6159 30 5109 9880 2791 5556 2870 4009
6677 4494 14 2980 1892 6075 9583 9488 4049 8481
9045 1118 3711 6040 2365 3330 3635 2473 1540 8091
715 2972 1804 3145 3712 9950 7736 9694 2363 3369
354 3853 6632 2698 3206 3253 67 5395 7468 3662
3561 3083 4001 9762 3143 4563 8382 2913 202 7380
7652 9820 5246 2046 8237 8007 4760 2523 4333 626
1360 9921 2286 2440 9144 7104 8851 1513 1459 5083
5186 1548 2991 3353 9619 3789 1825 8181 4734 686
40 4521 6343 8027 4204 9865 8953 8303 42 9352
9618 9978 1593 6699 487 7586 4058 7314 2975 1863
5661 2268 1332 201 4467 3136 6013 841 9106 2262
3406 155 7361 3594 3328 4757 5050 4304 3007 1283
6977 5168 7654 4833 45 7668 9790 4144 2172 5260
4004 6942 9296 2784 1795 9396 554 8933 3852 3838
3229 2780 9867 222 7745 4997 4559 2746 1308 4652
3315 2623 7014 4662 5731 1438 3800 617 2857 9191
4883 2757 486 8863 962 2413 6561 9698 7501 6399
496 9454 3367 1304 8880 2398 3201 8735 390 5160
9925 2136 9177 7359 7906 9974 3076 8429 8023 5536
3925 2683 9275 7626 6694 6466 4692 3432 3502 9187
5803 5941 7713 2273 1556 9428 6560 1101 5719 5224
9192 478 415 9062 576 2241 3551 5729 8782 2316
7050 2804 9677 3006 2196 408 5390 4045 9780 5482
5992 8813 6027 121 3820 3850 8999 9499 9662 136
2800 4577 8564 3500 3638 7561 7673 2391 8472 3053
3061 3841 9846 1955 889 461 355 2248 8987 2355
9421 6886 1440 9843 615 8457 4512 2946 574 1572
9349 1062 4620 4781 9886 882 9390 4312 253 6966
5504 2399 4017 6317 6766 6674 3728 8921 9958 4116
378 4862 2468 3884 5870 1995 2985 2956 9232 3791
3056 3629 4408 115 8584 2400 4927 2897 1741 7716
4078 1238 4037 2466 8695 4399 4631 5897 2544 3263
2842 818 8897 7346 5620 6434 7774 5175 8976 7698
7816 8199 4975 4081 5283 9834 7110 4550 2389 8451
8656 3921 515 58 5190 2176 8640 159 1940 7378
6905 5675 2848 3665 5764 3692 1659 4618 8768 3183
3636 5025 7901 6090 7140 9577 4867 4252 950 2648
5475 5755 9386 5838 1545 6379 9235 7422 9210 3044
1642 8353 9702 1866 4574 3768 359 4960 2762 3140
2896 3670 1518 5594 805 7754 4755 2533 9044 7348
3748 4515 9486 545 2624 5683 6430 5787 1159 8961
8914 9624 6044 6604 9425 5971 9574 6437 5056 6246
8247 9258 1364 773 3035 8195 3111 9591 4097 2866
1141 2933 6296 9818 1402 1165 8853 6124 8533 7994
25 9456 8819 9690 7167 4034 1218 6697 2926 8120
7402 9670 1382 1243 5509 7849 6945 3241 2271 6049
6514 7311 2300 7218 2282 221 3250 6622 8814 3967
9448 3370 8069 7699 2537 2110 5942 5918 4082 9712
3480 7095 499 9000 1802 4914 5089 2958 6405 8848
9700 706 8905 2817 6860 9871 3364 4762 1786 3859
2470 1972 1217 4686 9578 3986 9024 1156 4422 9528
3226 8840 7046 5346 1095 6806 750 8721 6818 9830
8336 1000 2381 2193 5739 6096 4451 4306 3936 3782
9110 5132 8210 1588 529 3312 7563 8817 8767 1027
6739 5718 1950 739 7086 8686 3769 6038 1383 4361
2020 6197 3624 9373 3360 7458 3707 7967 898 3235
8152 8067 1525 1317 9742 9480 1403 2893 8084 6807
6547 948 7888 2550 5341 8763 807 348 7711 3153
1057 2224 7998 3866 1723 3497 9822 8422 6110 7397
7147 9569 2190 8641 5428 6989 7229 9641 7309 4392
8997 6783 4592 2511 1649 4326 9243 9 5784 7533
6708 1426 5330 2858 5387 8180 9947 5325 641 2384
2839 8297 2122 771 1131 7871 4777 4090 4396 3199
5862 7820 1798 813 9803 7978 4156 2907 7268 5583
2139 9614 3178 2576 2750 9671 3931 8300 880 5811
8078 313 8235 4771 4433 5086 9001 9991 7639 6608
5038 85 4438 9017 6519 6183 4911 892 6370 8341
6449 7653 1388 3337 3755 315 5903 5841 9089 65
6894 4735 8743 420 2237 2059 8053 5430 381 6351
3643 8845 6175 9092 6453 1696 6320 2291 4088 372
7609 5848 9772 7237 3543 7566 247 7959 1295 595
7875 6746 9213 2179 1963 4656 5426 8271 4167 8163
8911 981 3109 5520 2108 1769 5730 6407 5269 7184
7476 3080 7701 8511 3351 7864 6769 4276 4138 364
8707 6217 1425 2352 7414 864 2312 2344 9102 3875
7039 5003 4457 7857 5812 8771 520 4129 6496 3038
1850 5251 9758 9329 4441 9714 2149 8070 1466 6517
5791 671 1261 2810 3868 3542 5388 5407 9795 6255
623 8085 8267 9424 3558 6656 3392 6764 54 9849
2603 2462 1194 2402 5527 5277 2506 225 4919 4985
1621 5660 187 3114 8644 4445 5171 2996 7113 1724
3011 9653 3560 6087 4351 7399 6482 4825 1821 7608
1626 9096 9198 5306 7245 8842 2101 383 9851 295
1875 8286 9912 7416 6048 3825 5381 8849 8148 9081
3008 2223 3105 7828 1903 9686 5622 5445 2004 9902
5721 4245 7060 406 3573 6228 4038 1343 2509 9756
5121 8699 9513 7252 5802 5151 2382 9447 3564 4819
6339 6552 1868 2319 7917 7196 3341 344 3407 5611
3194 9267 6982 9161 7151 4348 5976 1542 34 1871
282 5629 400 5568 2736 7306 2825 2885 4624 4538
5564 387 3303 2541 9371 9827 204 4407 543 560
9450 1637 3279 6340 7186 1006 6773 8594 8958 2900
3745 1167 8005 2288 69 3266 3805 9905 4913 5617
9823 9300 9817 8043 589 291 4200 7241 3384 3012
7771 3960 49 1874 1196 3362 6896 6298 2003 9323
3292 3503 7242 7061 9313 6451 8293 53 7662 9221
9006 563 7682 1200 4984 3372 8296 5742 8287 2245
4235 2239 296 5585 9981 2886 6094 2102 6559 5745
9877 4776 9836 3127 6427 3895 6345 8635 1755 1784
1016 4536 481 7660 7935 9751 6621 9007 2606 3672
8092 8900 548 1236 1655 257 72 6958 4356 8168
1314 2356 940 7460 966 8482 7377 1557 411 8672
3118 78 3154 4525 4311 6207 6954 3611 7899 2608
7109 1707 6767 9534 9970 1189 1117 9887 2767 3374
2553 8316 2111 5337 2986 7984 3429 9257 9882 4203
6897 5007 64 5433 8058 1087 1109 7433 5652 9550
5799 6149 778 5790 1560 3915 3826 6813 9655 1844
8275 2888 4701 7044 4056 6292 5310 900 7877 5082
5696 1828 2147 490 9720 2092 2266 318 9384 8118
8450 2534 1721 6862 8086 6475 2795 5204 8724 2308
6819 4901 8327 9348 2189 9129 2745 3966 5022 2508
316 3049 4165 9155 4223 6703 4226 2294 43 2902
3142 8923 1704 547 1895 7755 6633 5913 2072 5385
6641 8657 6020 6061 506 1292 485 5203 470 9584
3661 6009 4463 4190 7375 2782 1514 7281 168 738
9672 815 1413 4943 6190 7272 6963 285 3356 753
1260 1736 5457 1463 9793 1482 9523 437 6356 7553
4029 4778 5287 5100 5563 7267 3688 4786 4578 4469
4932 730 9310 266 7374 4713 9561 729 976 6468
8361 5075 5432 1291 3260 4253 3612 8966 3896 2367
402 7912 6204 904 4274 3846 5090 371 971 799
7094 7619 9892 716 514 9654 1952 941 7344 100
2569 31 8461 1484 4623 3071 6675 9564 2329 9490
1152 2923 1060 7134 1966 1648 223 919 6452 8411
5748 21 6179 4948 2824 5633 4906 3033 12 2060
7624 9927 7850 5685 7075 803 9968 4807 3779 2163
8605 6364 6747 6903 149 8578 9678 5990 3628 5849
5951 1012 9941 8013 817 4259 5605 10000 8887 4187
5973 4139 1389 8960 4228 6131 2691 5335 26 1803
4506 5909 5899 6997 89 154 1745 9278 2467 8801
4749 4390 5124 4155 1635 250 3976 777 1105 9457
4860 6784 3449 6302 5491 4994 3740 1005 8213 6497
8025 5621 4227 7389 1287 8992 1114 9337 2371 2489
7298 4787 5165 3319 5612 7581 9613 8580 7347 1271
8824 4934 2162 9075 3842 4148 5981 2786 1446 955
6826 6639 564 2076 1858 6365 9592 8732 8381 5993
9787 7244 7130 9433 5017 4925 7003 5890 944 9895
2022 4723 6790 6994 5786 9854 7945 4003 6432 1298
5309 3165 7650 7114 3141 6528 3200 3631 9086 9226
786 7775 3837 3933 1489 6714 2620 9363 5929 1502
6144 8035 5952 1186 5245 7596 2314 8765 594 9462
9900 5945 7573 885 3904 101 8128 1262 509 9028
3775 6335 5810 4698 4954 7893 1683 9205 3371 4908
471 3836 2434 8750 7405 3316 5632 5314 2520 8568
3917 1904 1091 754 6899 6304 1551 27 7382 9667
847 3078 8254 5110 2053 6918 326 539 52 1924
2914 2487 9870 6504 5284 1854 1938 6719 6036 1964
4502 5465 8658 4232 5551 2028 6707 6489 6328 3734
7065 1086 2613 2685 6463 2670 8800 920 9722 8569
5352 3532 3716 1253 1372 4262 3446 1926 6792 9147
7452 5399 6271 7714 9293 5882 6400 7661 7016 7795
1527 2227 9254 9107 7316 7989 1558 8746 2350 8799
353 8560 4397 7672 1263 3567 482 8405 7028 9268
7142 5831 5533 4537 6836 4958 8072 8189 7938 6309
7927 1681 1983 4114 5858 2503 2049 862 2906 3999
5446 9304 6483 1771 6865 7178 1398 7642 7809 5298
8538 7112 5774 4284 4859 8004 2405 9132 6781 4615
7276 9286 7227 9972 8625 174 5935 1796 4158 8895
1538 7856 4818 9009 1831 367 2143 5409 3750 7798
475 8959 5596 7531 8775 1329 930 4941 9256 8476
4606 4597 2177 857 9777 3958 3444 7787 1476 1773
7580 9294 7535 8480 8512 3126 7335 2822 7987 2103
4935 6 9072 8957 1011 7327 3019 2774 443 6056
4070 4693 3425 8811 633 9797 6916 4505 8484 3021
2141 7355 4151 6526 3610 6050 1378 4827 2689 2909
4085 2424 8390 9644 776 3066 99 6527 1768 226
1943 7896 6160 7812 4461 7878 657 788 5073 7988
7873 2573 3864 3117 5684 5357 9182 980 2846 5704
2542 2597 6712 6950 1315 8727 1161 7484 6194 7100
33 6490 2249 9785 7890 8397 272 5396 5820 170
3259 8374 8021 8424 6202 9283 140 2690 1346 1883
8243 5845 1965 2318 8785 7443 8772 5922 3774 6991
6064 2247 2033 8321 1074 709 5036 713 4795 681
4761 2936 5447 1651 1452 7400 7265 7528 2863 7108
683 1178 3956 3009 6584 7728 8674 5894 5602 267
4889 8448 6710 8441 2174 8673 7811 6162 5394 3214
5974 7961 1400 9547 7865 3996 2231 473 7239 5413
1289 1884 2626 5927 9263 5406 8934 2814 5709 6880
7560 1337 6580 5039 5256 965 3174 6163 9944 1562
8253 5529 9238 4952 8703 4249 5980 1266 1882 3486
2275 7951 3888 5559 8779 429 3028 9932 7588 2664
2007 1377 4297 4021 8192 2867 9218 7911 5200 3990
41 9288 8550 8918 6494 4417 939 7201 5828 6070
6333 3988 6428 6279 7785 5599 5361 9960 4548 362
2497 2960 2587 1979 3570 5541 9588 4658 6757 238
8011 7913 4988 4466 4697 5403 5196 9193 3892 8973
1660 5607 4950 6900 3952 6756 4247 9783 1146 7680
844 6151 7521 9995 4622 4798 4910 6006 5456 2854
4007 2109 3810 392 4579 7930 3108 2510 2983 1275
2322 8288 1032 1923 1759 1893 3298 3005 986 1530
3575 2989 3713 248 612 6421 2719 3535 3442 8355
9766 5227 5917 7740 7411 7866 7794 3970 1616 4481
7799 9630 8291 2700 8567 9040 5122 9359 1034 6446
1876 4655 3744 305 5085 2749 4646 2931 3185 6796
5697 9558 3695 7618 2812 2847 4384 6995 1211 7207
7161 1267 6680 5816 9012 3355 3733 534 4307 7251
6187 4650 7572 5959 7432 3528 2422 4047 4443 593
211 5248 9336 8741 5438 280 2461 4447 1374 6041
5898 7254 6749 5063 9990 4721 3408 6270 5693 9728
9646 3343 4079 5184 7353 6287 8050 1734 2415 4246
9703 2238 5344 3676 9122 1951 4281 7830 9196 8528
4724 5462 2026 6360 8734 5788 8841 637 1286 4589
9211 6852 2277 7545 7665 4707 7726 2556 808 1992
8935 5397 8738 2185 1758 7585 9068 3869 5836 5035
6291 9923 3307 4404 9509 7469 1720 1977 7941 469
6932 3971 1728 8894 7454 3379 2181 8815 2966 2052
6750 9299 8828 833 2279 3901 2713 6576 9954 2634
5708 5989 8377 4194 5656 4431 477 192 2345 2546
2725 627 311 1280 9935 2012 3781 628 3683 6250
6682 7549 7368 7396 960 9274 7497 9020 7118 3069
3031 692 2375 9391 8015 8827 3205 4959 8513 2843
9599 2928 1541 306 9930 1182 60 8140 2827 5468
5671 5636 6210 1832 6148 2374 2386 6185 3965 4711
3390 2851 5255 5658 9729 2663 6778 7157 4554 6154
9788 1077 4380 265 2135 9398 5775 4714 9601 1564
4891 3040 5641 8859 518 4062 7895 9986 8940 1445
4032 5768 7351 6549 5143 3029 9133 4291 3456 3216
4590 2310 8080 7514 7924 1241 9824 6085 5703 4718
1023 7515 4722 5181 2731 5662 2419 1221 6404 9242
6610 4756 6142 4110 1543 2721 6499 7313 5706 7769
1401 4177 3261 1193 4128 9559 142 4740 4101 2708
6334 8825 271 1310 1177 3550 6139 9593 4806 5289
4240 1757 8044 3582 5408 7030 3202 6188 9782 215
9404 5476 9706 3887 4898 3517 2421 959 1706 8860
2558 4436 7818 9994 9862 3700 9953 6176 9543 2144
2793 3953 947 8494 1754 2430 5864 3420 568 7304
3285 8460 6831 6293 9380 6874 1162 5871 1054 698
2 835 8498 7210 1366 5234 1350 9145 1961 1625
1025 7467 4271 493 3731 5765 6745 7216 7463 8090
7689 1410 1051 1147 8501 8980 8919 5978 9249 956
4627 635 6403 7395 4963 924 6539 4303 8331 4739
5087 7705 4598 8788 8031 338 2616 4741 8878 279
1978 6017 6630 1607 2018 6283 6259 102 8230 2079
9959 2776 7406 7308 9715 6001 5804 1813 1018 3881
5508 2180 8414 9650 1684 6043 436 7999 66 9679
868 5158 4119 2051 8830 6908 7302 2054 8704 5192
3228 6598 1467 3 6232 3472 7042 1939 8222 8330
3621 4552 5911 4851 7058 5369 1842 9315 2735 5854
5793 3968 4872 8012 3411 6011 123 9636 107 3607
9710 5712 2240 2036 2618 1909 4376 4922 1986 5522
6074 8285 6933 5698 5575 7790 2159 220 3522 7105
9214 5226 7928 2142 3955 2653 9530 8518 1192 8783
1089 6912 1652 6010 5214 7971 5610 8804 2695 9148
8146 7805 6866 2045 1134 3880 7024 8838 8553 6350
9575 4839 6409 3085 2881 8773 9379 8730 6545 2525
9261 143 894 6417 784 1085 1281 8034 3644 625
8852 1997 9731 3824 1976 1127 4685 8149 6607 7670
7097 9477 2475 5278 6408 9735 4122 3475 5875 1090
1990 1760 2469 5834 6078 4285 9326 5867 8244 5185
133 8426 6457 6128 9760 1433 7430 4890 6077 8179
5968 5950 9532 2662 4813 1414 4260 9042 5869 6256
1048 790 4583 3547 9105 3207 6609 6501 4053 9172
2104 233 9873 4107 6258 9997 3916 6850 3244 7946
3914 7710 1767 6605 1110 4015 6288 4729 9245 797
4454 2222 1880 2530 1528 1498 2850 1886 5604 866
5763 1384 8781 6346 1112 2260 4484 9059 5502 1789
804 9181 4382 83 3646 4170 2491 4355 7612 4899
4832 9683 7658 4372 5308 3941 1522 2042 6926 9748
8250 6763 4030 7872 581 4637 6473 6359 9939 6371
1285 6441 4492 22 3738 1067 9659 2930 3514 4066
9623 7738 6551 6811 3403 5800 942 4571 5367 1523
2298 1822 5847 4799 450 2727 7655 6706 1791 7643
3275 2436 466 7819 1053 497 7427 9367 2443 6729
2454 438 6943 5542 1468 3973 735 6540 163 9416
3899 2457 4688 840 5824 8444 7983 9635 752 7462
4788 6867 7013 6775 6415 8834 700 9920 1309 651
5302 276 3521 1510 5034 1797 5187 9306 2211 4248
5940 4929 5815 5316 4197 6696 1103 3347 9926 4687
8649 3991 8115 4758 4785 1537 1026 3545 8431 3123
7005 5239 6380 9566 1982 4522 3507 5651 9361 6007
1224 5481 6634 3903 8706 2571 24 6201 7069 8452
5216 7384 307 7169 147 2128 1848 7317 9093 9269
3457 5241 2411 7133 7575 9146 7070 3980 2789 7232
1669 1058 2168 890 465 2000 4483 9230 396 8188
2947 8906 3192 3382 5004 3874 376 9118 2232 124
3972 1256 5259 6965 1208 7152 7412 504 2302 8045
4585 5880 1779 9076 5501 1499 337 5842 3322 3155
2449 9669 1397 7614 5932 5505 117 9554 3177 6555
7393 9658 9657 6670 9967 327 7768 5148 4967 4633
5179 7328 4896 4842 8559 4401 3037 6273 6715 8908
3505 8324 6817 4387 8030 2501 6548 1942 1154 5328
1677 9847 8663 2820 8313 1214 9808 7631 7434 5554
3747 5140 9666 1029 1761 2194 2342 1927 5474 3340
8760 9987 397 5874 1487 4251 8216 9014 4674 7258
7401 8990 1780 1730 6058 1136 4125 590 1962 4647
652 1575 3940 3732 152 8712 4391 7666 5074 1949
9241 5507 5492 6695 9516 3443 8343 6628 3454 2188
9730 1190 1268 3296 3689 4539 618 2169 8583 2833
9916 6541 6071 4790 6655 4354 8223 1953 4644 5640
501 1517 5250 4669 6801 5129 6993 3264 3431 9977
1076 2788 3013 7303 7903 5771 7781 4767 4501 7390
5701 5011 9388 6888 7953 5923 2151 4730 2729 61
1019 2037 7078 5681 4545 2234 9612 4121 4581 5275
6266 5229 9844 4990 7278 335 6779 9848 1550 7882
4837 7976 9634 4025 2995 1512 9663 2704 3304 912
4848 6294 3471 4968 1352 4478 5627 2326 2086 6588
3538 6448 1819 8620 9085 6442 2105 8251 5014 8591
3468 9538 1386 4464 1301 7731 4915 116 3419 273
2397 5458 2669 5176 4366 6300 9535 7715 2951 1341
7932 4509 2877 1088 8818 4146 1373 7623 2235 1774
8165 3654 2228 9411 1084 4421 9857 2353 8970 9247
3158 1973 8075 3098 1605 6150 6135 6713 3324 2115
5999 4846 6348 3057 8747 87 1107 968 3693 8076
1753 7591 8317 3125 6299 9318 4241 8874 6308 570
7198 3243 666 4279 3159 2417 3106 3735 2730 239
5146 9696 3373 852 6887 1783 3197 8758 3225 4691
9123 7599 2304 3482 8780 6941 310 4389 906 8378
7712 9108 1984 1985 4609 105 9969 1954 451 4381
8059 2047 4415 7162 2438 872 6249 5077 6506 1812
2974 789 9713 9351 6321 5349 3016 2566 8821 7730
3963 197 3211 6979 4153 9815 7558 6720 7023 6876
5376 4201 7854 4482 6885 2289 6456 9270 4930 7211
340 7194 8795 6841 5567 9385 6577 3335 7831 2645
6443 2396 8794 3530 2192 36 4844 5635 4490 4480
2871 3799 5983 9027 1471 7425 1047 9705 3811 3801
1319 7590 7749 5924 6625 5691 2062 3339 9156 670
4455 6759 6181 2826 853 5431 8375 9992 4100 8846
341 2476 967 7106 7980 1673 2431 9273 4051 3677
6857 252 395 7782 8434 5653 530 9298 3549 7446
2629 9282 4946 4642 3271 219 7099 3518 3587 5493
7862 873 8373 9316 7778 2849 1201 7925 1232 424
8678 7776 4002 3620 4770 2071 1727 646 6879 7370
5191 5553 800 7587 427 6108 705 5889 7644 7902
5896 7451 6472 5506 1914 6057 964 707 231 1712
7450 5347 3969 6042 4900 1321 3858 9697 3883 3451
9297 3705 3754 2984 1009 2214 2949 3652 8854 8063
8125 4347 6919 7215 4191 7815 5565 9330 1790 9620
5546 6374 9079 5193 1800 8718 3702 1326 6830 7034
4808 4868 8046 7852 3720 7145 8582 5112 3585 2876
643 4836 7459 4720 4884 2410 7603 5177 4802 7629
2938 8420 2251 5569 5531 7992 3506 2779 1839 3770
5785 7288 9469 2555 4861 3476 1003 4626 1932 2031
851 1546 8969 7929 4450 209 1246 5093 8505 8018
7360 4075 998 5593 4019 874 2068 3696 7507 3606
4410 1043 9933 1299 2680 94 785 3277 5020 9752
7334 5103 7192 3133 294 6832 4161 8683 3882 832
9343 8383 3617 5916 4010 4219 185 7843 5915 1694
3949 5467 2895 9784 802 8691 4314 1170 8928 1450
2778 8634 4432 9077 1956 989 6045 9289 6025 8306
6414 4591 1130 9178 5078 8388 5088 5436 1353 1689
2317 3358 3642 538 8619 6196 3673 2269 7944 877
5280 8061 1739 2157 5453 3849 4636 4556 453 7792
446 9036 5384 8278 3042 4784 3483 3070 6353 6161
5013 1670 521 1811 2164 261 7923 9632 4059 8865
5700 6990 8822 2747 2445 4413 4136 2654 9792 8269
8540 5960 2551 2925 7718 2351 1532 6585 8889 3281
6147 9031 5355 2006 1921 6616 4684 510 2080 1069
8274 6073 9567 6460 6386 7175 3173 6206 1024 3536
2148 2578 5631 8194 2095 1931 9778 4050 3039 9397
2203 8522 3204 4180 1176 6768 8432 1885 674 3391
7638 6931 9355 1327 5070 5155 462 2213 8419 3730
9876 5019 181 5540 8257 3000 6030 8624 1693 7225
7238 9610 6019 4331 6109 366 6047 4130 5757 696
8412 1967 4282 5217 1555 7391 1638 6290 2588 1431
936 251 7840 5623 8655 3751 6412 2420 137 5374
9665 9201 1072 7753 2088 2961 5972 8574 5688 8665
8337 3759 6323 2840 8132 567 5024 665 1082 6619
6935 8379 9066 812 2828 3865 1061 9005 111 2868
9115 6542 8106 7447 7420 1500 2711 9449 2201 1539
9511 3190 7158 3112 2922 8963 3404 9648 7337 8648
5663 523 4923 6569 2376 5247 9209 5561 9763 7936
8736 9368 3893 8664 7779 7294 8739 1668 7121 1284
5067 1623 8684 9856 3397 899 9253 8519 4374 2339
9989 2173 8870 6917 9194 1409 1371 3055 4717 8110
5267 987 2574 8687 673 3036 687 2887 2242 6829
592 4854 5043 5756 9573 8236 2327 7694 6105 9157
157 9891 7637 9674 4976 7542 7472 6376 363 8666
5494 8520 2252 4185 3537 2707 2535 4488 6536 7910
1220 8516 7398 3898 719 7419 1829 3430 5127 8368
6082 150 5822 7066 2416 2354 2507 4508 4607 228
1424 664 5562 7051 7943 6238 275 5130 555 8410
9060 850 2132 9879 6357 8334 1 1428 7802 4561
5876 3835 7067 2941 4137 9937 4370 8985 8864 4586
8039 4459 4118 9483 4430 7115 4239 937 290 7838
3633 3181 1363 2677 3342 483 4456 3533 1049 4682
2013 7735 9400 6341 8055 2559 6314 3110 2085 1429
1614 6068 991 5198 6797 8142 3034 1687 1888 7478
148 2687 206 2236 6774 4014 7087 2255 7080 224
4542 769 4375 9754 8502 5840 2182 3448 1599 5844
4362 3270 3765 9046 5547 460 1115 1370 7594 7834
6635 8949 5677 9418 3648 4473 5988 516 3365 455
3817 8581 9725 3885 9163 9362 2752 3632 2427 4630
910 6127 663 4716 551 8138 2859 403 9437 8284
3618 7679 8491 1457 3647 4694 6822 1185 4504 5571
4666 2023 6744 2133 3758 207 720 6022 319 8587
9167 8101 973 2484 1125 619 4703 8525 1376 3092
5984 8318 6537 7015 9652 7683 8910 4329 8681 9915
3461 9922 9988 1052 1645 7068 4145 512 5336 2600
4895 2994 5304 8988 7009 772 9504 2442 579 2676
8975 7826 2921 6381 1250 5452 6200 9533 3290 5966
5422 678 6029 6728 5016 474 2622 8504 5528 2134
254 3481 6824 4357 5500 8881 4269 9229 7508 5230
4016 9796 9217 3230 2706 4041 8839 5215 2621 8981
7092 5131 9750 634 1622 8692 4325 3918 5382 7948
5746 3433 334 9065 4856 8983 9420 7505 5580 4496
9204 352 8051 7687 8632 9080 259 3678 4816 2155
2765 2027 4715 6152 7176 9684 2813 6123 5879 3477
647 2096 8645 2865 2502 5934 5574 9884 9859 6736
2832 5161 1807 4905 8879 5776 9287 7663 2346 6125
1864 3470 1917 7696 2785 175 6550 9087 2609 8272
9890 5231 1102 8114 5717 9051 3396 1486 7342 7223
8669 3939 5664 8056 5270 492 4371 6557 5044 2526
5825 7634 9582 9321 1045 6985 73 5389 1974 3134
8089 667 6786 5767 9806 5958 8328 3001 6981 5534
1547 9629 6662 7168 9741 6423 7441 3187 6008 7499
961 467 9405 4671 1519 8956 4569 5690 9320 2404
3625 7869 7697 8888 2801 7691 5444 4215 3773 7956
5986 6753 2426 3278 4731 7881 8255 4566 4309 1320
5613 2258 9151 1752 106 1612 2950 6755 585 9719
2665 6858 4612 5843 5150 4830 3608 7185 1918 746
2479 4555 146 3856 9401 4738 2633 3821 2987 7423
4517 4546 9225 1258 3152 1750 826 5524 2572 412
7766 7685 9248 544 9354 1702 476 1206 1205 3771
1998 8948 7295 1483 8489 676 834 9090 694 2403
8008 7897 7084 8042 5032 1806 162 6284 3630 3762
80 184 210 8679 4938 3014 3293 5702 3645 4670
8340 6395 9852 9605 3168 843 3947 4986 5303 6911
4416 6854 3424 3414 7093 2126 3784 8123 9264 1447
5402 6521 9227 9203 1128 4602 6324 9098 5872 2583
8566 6855 5949 6851 5272 6735 4257 9052 4949 4471
2513 8029 7129 1770 4295 9786 2802 1508 3305 5883
8693 9048 8292 6668 9597 9791 9520 1149 7006 6970
3299 2701 1559 6665 5167 883 6215 4176 2158 3175
2957 144 655 8753 5760 9982 1120 5051 7283 7498
1628 6186 2089 3060 1340 8304 3401 1716 9412 4008
7409 1390 6568 329 8637 8764 8875 5514 3163 688
2455 2460 2127 8088 5473 1805 859 1312 2170 8490
5443 9431 7786 535 1691 7789 599 1096 1368 9240
8913 2200 1323 1065 8186 7160 4095 6180 4661 9279
9021 653 1521 1453 4217 5372 5904 672 3149 507
1348 6891 6167 5410 9285 1906 9883 3416 9936 8904
4955 7187 8310 9414 5576 9063 6113 6564 6325 3094
6520 3815 4142 1456 3169 1059 1066 8769 6192 3950
622 442 4510 1342 5584 377 9942 3196 4541 7972
1925 3699 4765 330 8962 3797 2285 9548 9185 3795
6711 8893 399 7481 2717 4035 4931 6164 7082 8971
9482 2464 7510 5577 6145 9143 3120 8702 440 6140
9111 6669 2617 2581 7613 6373 7271 15 7491 5027
5581 6418 2829 8126 3065 8137 5519 3574 9228 5873
9723 1627 8882 4388 8010 5139 7569 8428 3539 9590
8762 4093 1788 7248 1330 7098 6820 3237 243 6592
5823 3344 5434 153 8558 4611 2659 565 6732 7228
751 9600 4649 6563 8200 1905 4535 2140 7444 7960
2769 5145 6644 8622 8282 7900 3068 2265 3132 1249
5064 416 2263 4418 9963 8193 1296 2948 7000 3729
5189 5097 7979 8991 9622 9153 7297 3660 918 3948
4315 8754 8190 8474 5115 2280 8588 218 5884 2934
1293 347 7473 5223 9276 6978 2447 3427 4211 6003
3568 6601 7149 8547 8342 2809 96 6953 5499 8660
4621 8797 2601 3262 8364 9393 4159 6837 2598 8468
7494 8290 5982 5587 1434 757 8922 5111 7339 8112
6153 4236 4852 1507 5040 5037 9527 1743 8938 7559
1080 7506 8227 6015 5619 6264 6276 4732 8001 5305
97 1598 6191 4023 7734 7131 3189 792 9195 2880
8178 9292 1697 8944 7886 4530 9816 7081 9570 1209
9747 3501 2915 9015 6973 1119 8103 5523 8 9688
7952 6239 740 1643 3819 4651 7525 9069 3974 3017
8757 5142 7166 3987 4485 8238 7659 7352 794 6838
1094 6101 6391 6523 8698 1991 3753 8715 423 2425
6474 9821 854 9794 6471 2152 5418 7012 1897 3601
8989 3193 4345 9394 5487 1031 6760 2471 3722 2187
2292 6165 7756 8356 3602 93 2114 6532 6493 3311
6248 5459 2423 1472 2905 7832 2657 9206 7073 7848
8711 3566 357 7541 6529 3527 3295 887 5238 8348
4342 5069 9576 2492 7907 6821 8485 3354 3766 8445
782 5297 3877 822 3935 1841 304 7744 1624 3614
5117 9073 3357 8855 5555 6930 2264 8314 5545 4126
9598 8241 4453 4632 4876 62 6924 8201 6923 5853
7047 9466 4068 2808 5138 1083 7842 8607 7784 5863
4470 1667 5323 7367 268 4350 9252 4564 6904 9539
871 7323 1254 7884 7284 9169 4406 3015 5068 1035
9744 3455 1630 4518 3422 5031 1686 1680 6481 1846
7806 3122 7236 2878 6566 9572 9738 3586 3238 8593
1647 7747 9223 2515 8551 3002 8554 2259 4229 1506
7418 2640 8710 725 8423 6531 5461 4801 5318 3215
1690 6241 1181 4048 6726 4888 4709 9602 558 9370
5480 71 4595 8307 5572 933 2678 3961 6462 322
1020 9931 8312 3776 8495 2084 9311 2243 5905 9779
8847 135 2968 6366 3697 7908 9732 2982 3704 9139
711 6347 703 1881 717 938 293 9473 2540 4942
6787 9120 4394 2703 6174 5489 7764 4323 7322 145
1970 1987 8136 3906 6890 4728 7625 8700 1746 4207
1133 9127 92 5892 3484 9985 3323 7394 4318 1033
4358 5072 7693 7500 542 3667 5062 8332 2988 4439
5006 2529 2552 7964 8263 1840 9606 8535 7103 1629
9699 2904 9331 8529 6849 7584 9037 75 3338 2739
1092 5936 4828 7021 7635 9119 9908 8224 5535 8470
9033 6039 4072 3509 1055 4344 8689 8809 2953 2823
821 1569 256 4789 8552 1855 7534 7291 7962 2979
9493 1674 2538 3361 1417 2290 5281 8204 9993 5437
7052 8557 7255 9973 2078 4123 3221 3227 4608 6146
2625 9541 975 8931 3284 4916 4305 7479 6184 7164
9160 7965 2959 1732 6718 2301 8281 4616 5162 4933
8659 7177 780 2197 333 9860 3366 7107 8065 5488
5794 6372 4491 1827 6422 5705 2898 8121 6667 6004
895 5679 2378 685 190 8447 4855 2364 2218 8107
9850 7407 6723 733 5761 7957 8093 4479 9117 9137
9023 3833 6390 9914 7974 365 8164 6776 2495 4639
5249 9774 7101 9162 4619 8531 7269 3363 3559 9531
5 8810 5835 1140 7079 7156 5180 1907 8749 4086
5592 2494 6789 9202 3737 1735 6907 2125 9353 690
7387 953 1808 2165 7835 5048 9239 1583 5682 7220
4838 5126 1448 8614 3993 5052 7926 9047 9626 6198
6208 3590 3172 6814 7040 8493 9869 9775 7879 4012
37 5353 7783 6508 7038 1581 6524 5659 5220 44
7937 7424 5977 4298 2145 342 3627 913 4300 7520
917 6937 1657 4064 4874 7583 5294 5912 3268 6946
5517 7037 6436 8062 2383 5852 1611 373 2321 9676
401 4152 6957 1365 6685 9515 4324 2944 6640 8289
81 3435 3777 300 6018 5392 9861 7356 8277 9295
1820 8972 783 5049 8466 4909 2841 9135 614 7358
309 983 4995 8335 5033 7222 2917 5213 6126 5105
6623 6419 6679 9495 958 1419 480 495 3466 8805
4052 4296 4982 6173 5009 3812 7163 649 6098 5442
4256 758 3415 945 3492 8774 4885 7085 391 7995
4680 946 7415 9408 5326 7940 5939 7889 6083 8936
6377 9682 3908 6974 6553 382 2666 196 2388 3496
9579 6352 3540 3434 3436 3124 235 7732 3807 9594
5114 109 607 6921 3478 2879 5996 9505 4365 7876
2755 2407 2320 5914 3464 5676 1554 3084 5225 7600
5582 5694 8139 6808 7172 691 4593 4532 9016 1493
5206 1269 6362 5678 4603 2338 6122 262 9801 2287
8047 2844 3597 4835 8697 8391 4083 1245 1861 624
9625 1008 6864 1104 6960 1824 1526 3742 1762 6205
1198 6936 6005 5829 8816 494 7209 1661 1037 4189
98 5163 8160 1749 1251 9537 1412 63 4205 4080
7182 4683 9776 8993 2531 3616 8400 8901 4183 4154
824 6307 1276 8473 4202 1187 8867 3910 6914 2852
3325 9382 8978 9868 3871 457 1859 2594 9885 8595
7502 1030 2493 6459 7259 845 8170 3209 4452 2536
6676 2117 5058 5783 1817 8191 755 4903 4881 5515
2647 3459 1002 9026 1423 4250 677 2439 9452 9639
9392 2977 7277 9608 7918 7916 562 1248 4999 5591
4820 1137 9965 6498 9468 5797 9222 2716 134 994
9503 3603 2073 1584 2220 3182 5881 8396 3556 9029
5005 5503 4103 9440 3247 2675 2932 3599 2458 7371
8615 3368 6479 7788 2819 4924 7090 3938 4979 8618
68 1195 1473 4783 6975 3318 7464 2516 3160 1160
8264 604 6322 5727 5469 9819 7748 8951 6761 9342
3104 303 314 9219 5808 4531 9251 1887 8556 1316
2347 4748 6224 6972 6193 2567 4231 6704 5833 4426
4065 479 6804 2446 8417 9517 6617 4719 8351 4939
9898 1044 5144 430 2199 8259 6629 8603 8024 856
935 3348 1531 7791 48 2610 3082 8705 4124 7821
7646 779 9660 7439 5350 1988 8252 3923 1324 8722
4507 4060 8861 3213 6730 8354 4320 5026 9707 7723
1632 8826 9231 6216 1601 3309 2044 8099 9549 7137
297 8150 5322 9141 1462 1458 9829 6976 2432 1511
6502 2002 1422 5242 4528 836 8820 332 2377 6219
4364 4689 5312 4111 9152 3313 6647 1701 9444 3224
4449 8358 3595 2547 6203 6721 8113 4742 2940 103
2306 5084 6929 7752 5560 4213 7340 5379 5860 951
7480 2387 161 3954 5416 4977 3957 1792 4424 6425
4605 9168 1252 2098 5878 5674 4779 9165 2274 7096
6892 7814 7539 8206 8530 3872 5595 5902 6398 9142
9770 8932 6342 7250 1901 6709 2699 4599 3352 1001
4980 5307 3964 8402 5172 8344 1318 1922 2043 6671
8994 9524 6839 932 9395 189 2154 2919 2323 7966
5262 4573 7567 4379 9200 9358 1656 963 4772 4849
5707 6530 1454 8945 9236 7428 4104 1106 3097 2643
7808 3879 3297 1878 513 8323 7620 591 5291 8305
8294 86 2644 2029 914 2167 4005 3727 9471 2882
7887 9804 761 5782 8642 7132 2660 2178 596 176
8240 1577 8776 9510 4973 2253 9019 324 1715 6780
985 8415 7949 5435 8279 308 5404 934 6944 6507
4277 9841 3854 546 9224 8387 8796 2305 6277 4791
1856 1098 5046 8869 2862 9889 4162 9878 7275 7605
6594 8467 9484 6486 6518 1155 1613 2210 9461 3402
3388 9312 4640 90 4747 927 2121 4442 9906 4428
9835 5733 6235 2486 5268 1449 8014 7742 7546 5296
7125 6659 7054 3890 5634 4222 4266 1994 2429 1225
3186 2048 9489 489 9888 524 2428 9866 232 9186
4875 2924 9159 5060 861 588 2357 7727 3350 1480
4166 7056 9580 6169 19 1700 7173 1592 3794 5271
4489 2615 1408 9443 9463 5257 244 4074 9280 3806
5801 4238 6603 7684 2074 8156 4792 2545 5324 3198
4880 4727 5637 9084 2444 878 4186 1618 8877 7002
2490 5606 5736 5370 3045 1270 7773 8565 2465 6114
2591 7290 8798 6869 2709 3886 2406 4873 6107 8026
5125 639 2754 8488 9689 6178 2191 8071 879 2175
32 4733 4570 650 7059 4178 7601 139 2787 57
1600 4411 2518 5018 8104 6311 5735 9455 8902 5590
8537 3526 5420 213 749 6282 609 4667 9555 6143
8998 2737 9514 8510 7891 2380 5484 5722 7739 4810
6785 9350 8939 1682 540 7797 5066 5530 7341 6752
8675 2373 444 2860 6295 5136 3658 9746 1443 5855
6777 3913 3283 6636 1111 2783 4704 3426 6638 559
1227 5329 8392 8097 7892 5170 4000 869 3273 4746
9519 8708 6984 4339 2630 8147 2130 2855 9409 4657
1435 9899 6067 6233 6306 1900 1297 5566 8408 8261
4182 5288 9984 6772 4904 7969 6354 1282 2077 3656
6213 3873 9149 9446 527 500 8425 3458 6688 8524
2064 1709 9553 888 6964 4120 5401 4112 4628 8409
5925 6878 8242 5010 8891 9637 9479 1688 3219 6737
8068 1672 6313 6998 8111 4073 9335 3103 6700 4782
1505 3709 1436 7362 8455 4013 2153 1729 6444 6861
1213 4131 7219 8362 8430 258 9291 6069 7183 7985
7143 9034 3827 7442 5818 9138 4022 1158 4181 9478
56 3051 1975 4866 4258 7577 3088 6847 158 8500
9018 2067 6595 3739 3520 503 5001 7057 3447 3469
4117 7810 6513 4224 76 1126 6915 6106 1415 302
1148 4863 9501 5071 6863 3804 7931 9536 4367 2418
8187 9858 2369 217 3242 7760 6828 9234 2743 4458
9983 4978 2025 5518 4174 7725 7823 7190 2198 8792
4018 3018 5597 1960 320 2408 8339 9481 5944 3897
7221 464 3269 9545 8087 8394 2562 6798 8930 419
8857 2954 2441 3410 2257 7426 8873 6642 9586 8108
8892 611 5348 684 1929 7628 8590 9417 2527 3984
4105 7630 7165 5549 5608 5680 1290 6363 9980 3413
8360 3321 5895 7331 5079 5639 7364 6066 7527 3767
2582 8823 2939 1726 8575 7841 8154 7488 6318 3220
5099 3580 1860 6278 5199 8048 5538 2010 2202 7954
4395 4503 1867 6331 2590 9956 6599 6835 6375 8022
2646 2963 6845 375 434 3276 3332 6882 8515 6401
2040 9831 3251 6218 7997 5943 323 1169 1142 9685
4604 9383 606 5028 3074 7824 8219 990 6261 1108
9010 7853 3062 7205 5137 1139 8276 1420 1793 7894
4625 6156 7226 8283 7300 8955 9126 6435 2019 5933
3685 7676 2872 1765 3176 167 3889 7981 5169 11
8221 662 7595 1937 3091 3383 3741 7410 2011 3508
9474 4679 6275 2331 5273 6410 2081 4750 7324 4322
4275 7602 3099 2150 6690 6465 5164 4523 8626 9100
2997 1835 5716 8806 6265 5212 842 2945 2724 8329
9810 5970 9621 5827 2692 4800 7203 9208 8158 875
237 1242 6063 5963 3167 203 5208 8807 5300 3803
1619 8174 4673 2514 1046 2869 4055 5647 360 1334
1586 5133 8599 7102 7136 7293 4400 3345 1138 3593
2894 6052 1294 3063 9344 91 7074 8100 531 8896
3674 3119 7153 1075 8273 278 9736 4214 9768 1911
7287 7373 2773 689 5752 4572 7982 7338 7909 923
4751 2797 8443 9173 4273 6433 3845 3135 8322 10
929 3513 6488 270 6660 8677 74 8786 3680 8366
4096 9002 823 5642 7552 7279 644 7750 2978 8157
3746 9556 5061 5552 1470 8309 4221 8401 9255 7231
1097 5441 6809 806 7800 2710 5235 459 8532 8812
6538 6053 151 7257 3724 8057 2970 6450 7529 433
343 7597 1442 6046 7437 2686 5809 3937 82 3409
7722 1475 3107 9753 6969 8633 7366 2215 4476 8135
8492 1143 6510 7376 5218 6913 2297 7386 2607 5778
3588 8098 1303 9568 2256 3495 3248 3400 8440 6681
8534 3942 9266 7179 7343 200 6948 7253 3255 6980
7217 3081 3101 1460 2361 2368 6478 2161 2744 4870
2293 1763 3529 8129 8384 742 4557 8094 2250 3222
4702 4659 3813 8726 858 8016 3059 4071 6827 2212
2883 1277 6209 9913 541 4865 3579 8609 9136 1474
5930 2472 3951 5908 996 1175 4261 517 3788 4076
4878 2799 5600 526 4668 6289 8539 7388 9467 9943
9008 5219 1399 6121 5354 6315 6925 6754 3919 1838
811 3785 1947 8651 8977 7874 8211 8372 1073 8009
4524 5910 4676 2684 2756 1902 6691 242 7249 1347
5472 7365 3498 1404 6627 8890 6871 3928 4089 5614
3113 8613 4617 5570 4665 4937 5254 6280 5877 2611
2831 8995 2908 8000 417 943 3100 2221 1533 7578
6358 4629 3619 4385 2748 1561 9811 5998 8249 7383
1328 9668 1718 1015 1079 8682 5885 4171 9189 4643
6615 2477 4237 3998 4334 1869 6846 4991 6214 528
7919 7582 1615 3867 6799 4363 5279 6118 4736 669
246 7813 4971 2916 8116 5425 908 8604 6663 6112
5154 916 4894 7743 9050 6263 1437 928 6873 389
5233 1207 1273 1717 4654 1714 2884 8954 6661 3909
3900 8497 6758 9054 1288 2452 2681 8315 9445 5383
346 5512 1272 4951 9557 8357 2864 8984 1492 2483
4871 8153 1338 8856 6740 1633 325 277 552 7461
9038 1620 2409 2056 6385 8198 4378 6901 5054 3310
2561 6080 9740 2891 7536 1853 4475 583 166 1405
5655 4882 7146 3907 3334 3417 5021 7571 1257 9938
7027 8629 2614 2283 5630 1496 5098 4429 1028 9039
6751 8573 5814 1465 9773 9904 5589 2498 6645 3981
9095 7243 8427 6104 9154 7127 7318 4893 5207 6589
762 9996 4634 7763 9872 1219 1609 6586 5938 1387
2639 3151 3223 1935 9212 3377 3565 8130 2171 9874
2596 9003 5339 7088 9681 2655 1339 3479 4465 1999
1737 88 8020 3798 6349 3048 1944 6253 3131 4858
723 380 29 6895 4565 5485 2775 1969 1184 3653
9334 4419 1576 4087 8197 7622 240 7126 2209 5798
5147 9319 2672 2348 3245 5359 6683 6305 1849 5985
3596 281 1641 6649 8709 7292 3024 3010 9341 3064
7180 8950 7214 9088 8570 848 8868 2697 6770 1665
8268 3523 3555 7296 5386 6168 4902 8541 7648 7640
2146 3687 6606 949 4460 9807 5116 8974 6546 2370
4255 1989 3130 5108 2070 9809 3600 5626 2560 374
5769 3637 1481 9764 1381 5901 1837 9464 1809 1461
4834 4961 4962 8653 5095 5781 3717 629 6626 3274
8723 6583 299 5558 173 8598 8803 3641 8790 2798
3760 4462 6093 6319 8694 5106 931 8176 7555 119
1751 1566 3203 128 505 2448 4092 1040 7968 9664
4917 7803 1490 926 3405 4520 8670 8496 3385 208
3294 748 4712 1240 2628 4268 7089 6393 5102 4420
6512 3544 8503 897 5008 8837 3095 2942 8925 9140
7031 4897 573 4319 7686 4209 2401 8131 4811 6274
1244 18 5340 8579 4823 8239 4677 5202 7345 3166
263 2570 2488 8479 4196 4 7011 2204 9918 6500
4077 2083 8646 6383 8576 4310 569 2965 4498 2612
3246 7543 3349 9176 550 7150 6593 791 4796 4594
4288 9673 255 796 3188 1582 8248 7477 298 8083
3452 9502 8912 1197 8720 4826 8218 7933 957 7796
5957 616 2225 7524 1889 8546 8778 3659 7321 1306
6986 867 5076 4210 4102 7486 3818 6158 8544 1172
1679 2649 5240 656 7128 697 3640 3541 4113 6902
4843 7921 8523 6996 8217 6237 6469 8438 3494 7538
1654 6952 4744 245 393 6084 2971 2557 1981 6573
6035 7493 2927 1945 7048 3499 582 5544 5178 1843
970 6967 5000 4031 9407 5380 9893 9494 4638 4486
1772 5498 1021 2474 9737 4434 9328 5183 4974 1264
597 8371 6731 7530 8102 2183 9901 9387 5149 3376
533 3217 3137 2032 2816 584 905 2034 1215 2967
7174 4853 1520 6653 2694 7576 6119 9290 9617 5338
3690 3398 1896 2803 3490 8096 5232 6581 9402 5747
4141 1738 2602 407 2584 9551 5754 767 2999 4061
3989 1501 907 4184 5646 3146 6245 3655 6297 7883
8770 6687 7958 1814 39 1358 3589 8038 8463 3997
127 1959 4547 1336 3288 5650 7111 2206 7135 384
2990 2091 5321 404 432 2087 1731 7793 2340 498
8295 5366 234 3761 6211 9739 4936 1865 1515 8596
1300 8232 9924 8696 999 9596 5657 7807 1915 5672
8449 6231 6222 3548 6658 7839 5893 5411 6742 7018
1764 6440 118 4243 8311 447 1494 8916 1157 2094
4289 5119 5391 9413 3664 1678 5393 4106 7449 3651
995 6267 5846 865 8600 7055 7033 4163 5737 9284
8421 2651 5135 7550 679 5065 1698 8134 820 6257
4393 6002 1552 6803 8543 1362 1393 3428 3489 5463
6337 3102 6251 5807 7517 7261 5920 7063 6397 7120
9170 2726 9365 7144 7025 7301 2929 7062 8333 952
6132 3553 125 2106 4149 8144 6602 410 6733 3115
4338 414 5092 911 6842 9340 5856 5358 2244 3783
2589 5113 6938 1662 468 4558 7688 178 6220 4234
3985 6956 8171 8184 6012 2057 838 5419 8483 1361
2696 827 4562 4845 1644 2952 745 7947 9500 7119
3591 9542 9704 6387 3809 7246 1948 7357 4953 9675
2912 6028 7077 5055 1349 9369 6199 472 3252 2296
1676 77 6959 2270 7904 8671 3239 6054 1354 9491
8301 6620 9439 2679 7905 1237 9061 640 28 3715
7421 55 3046 4780 8507 8967 2217 3162 3675 3327
4335 8509 7264 4500 6898 84 8225 7751 9595 3569
4069 8109 8602 2504 9585 909 6575 5104 1857 1313
502 2861 2549 1996 5969 312 602 9314 3721 1685
5817 9765 2766 1590 3004 2577 1331 1391 9680 4160
1010 7702 6961 8161 2156 8346 659 1873 5497 6133
2981 5826 9262 3927 8952 5588 3832 9179 1497 9649
2065 9215 8555 8477 7703 3666 9134 9237 186 8527
5806 7404 9180 4164 3234 5156 8623 6476 9726 7282
195 3308 4133 3272 2771 4794 9419 7350 7737 445
763 5724 1113 3780 630 3171 714 8162 6212 6947
9487 5094 1234 4267 1150 7159 6812 8462 6099 4600
7621 4242 422 5609 8755 7695 6000 1664 9091 7457
7863 4330 6389 6955 2712 3164 9743 4879 8791 1479
4290 1063 6424 4568 369 578 6782 9745 1239 7193
7483 8526 108 4690 5317 6024 4681 7299 9427 7208
4966 8740 4763 8572 8924 4805 6613 5886 7657 6055
2777 7485 8884 7804 4042 4660 4768 6664 8049 8265
2522 2195 2330 3041 4179 9521 2124 3816 1778 870
70 9693 2229 3736 9727 4098 8433 3331 3450 7836
3682 3302 2343 572 7777 3267 3516 8280 2658 6971
8041 8499 8398 1568 3578 8676 5378 7041 6631 1971
9508 1946 3995 9687 5832 3831 8808 1129 620 6968
4766 1222 7719 846 1852 1210 2349 3828 7319 9128
7487 5962 1469 4477 9826 7858 7124 724 7562 6111
9979 8947 621 922 3891 5023 4596 2118 6014 3257
6651 7181 2650 6021 4043 3860 4887 9056 3306 1344
9364 9175 6597 7767 8561 7641 3326 8145 9701 8787
1233 5710 1464 4287 525 3139 1322 2061 6394 5301
7199 9721 4610 5334 6805 5244 5598 7516 4336 5743
7197 9116 9184 1166 5057 8395 8562 182 9839 5263
4812 5042 5937 1356 7568 8549 5236 9611 2366 7325
8638 7993 9378 1379 4373 5182 6454 9955 8212 4265
2299 321 1941 8260 5726 1504 9166 7669 3554 7636
1587 3138 1928 8320 112 6227 2272 8299 8652 8917
8789 5290 428 3291 179 5692 1441 4549 6934 3488
6689 4198 2459 1634 6692 9346 9711 8406 7986 4313
2554 386 7466 9962 8298 1571 5859 4377 2521 1872
5405 6445 7610 9692 675 7801 3911 1385 537 1488
2412 1179 7604 3634 2715 2790 8835 6157 3604 4752
4921 1604 2001 7212 7611 3423 3180 8262 9472 3862
9631 5741 8246 3170 8690 1785 3023 4412 435 4793
8266 3474 1163 4169 1485 8325 1145 3412 3834 3394
6431 1491 4499 3932 3087 7829 5417 9272 8386 7455
9525 682 6825 8032 5282 6485 6170 8169 4135 1444
7326 2772 2456 2899 1529 9565 3581 7017 7233 3437
9233 2328 1934 199 3790 5948 8177 3848 4972 1204
580 2579 6491 1311 3359 9423 3763 7448 6396 1203
9838 8643 6693 2325 4928 3511 9603 8662 4841 721
7170 4044 5286 7413 7973 5601 5586 1606 8719 5427
3212 3195 4540 9587 2668 1188 7117 5107 9607 2075
658 4220 8258 1202 7312 3395 2435 1229 1646 4864
2480 787 205 7606 4773 9512 8436 171 230 2186
3982 9544 8385 5486 9881 6987 1591 2324 5371 7029
3265 3920 5758 3336 1524 1325 2688 356 3943 737
3557 5689 2821 9864 2035 79 4737 4405 4468 6535
9366 7286 5450 925 7827 7556 2734 8742 7512 4360
728 5209 2593 2815 3210 3851 6951 4699 8229 6272
3026 4127 9432 3786 6402 3096 6361 6134 2604 1056
4328 1116 301 5537 7593 3089 130 3086 6533 2674
9259 7247 8627 9043 4614 7589 702 9540 4292 2796
2017 8647 9265 1742 5887 9070 2973 2635 2216 2207
2233 2246 8608 9475 2184 2358 2313 5243 5723 1565
7765 7860 8403 876 5965 8965 7868 2901 6544 2038
6992 915 9322 9451 5141 1957 1877 5805 7717 7045
6562 339 9724 5759 50 3546 741 4341 5375 7495
8586 837 2568 5865 1421 6591 9718 6556 131 978
5333 4753 6059 1228 2770 6244 5222 4067 3150 6859
4199 3725 4710 7649 3870 5053 9853 7438 5415 5921
5720 4726 2021 3079 59 6678 884 439 9124 7083
9207 819 708 9271 7720 3254 8404 3584 5360 2379
701 2837 8446 722 6262 2160 5961 2137 4368 3698
2066 7440 6495 2335 5713 2334 6229 1930 2016 4567
3128 8220 7263 7616 6312 2733 4529 6286 1042 3525
1899 5261 5454 4440 575 2543 2512 9083 2805 2768
5772 6285 7010 8756 3708 2807 3073 8079 5673 3796
8943 5120 6889 328 7574 1608 1455 2451 9940 7704
9094 4054 9781 680 6406 9381 9934 1544 7996 4188
7977 4700 5285 8231 1908 5471 8376 5174 744 860
2359 1594 114 4912 3249 830 2834 3232 2093 9546
6748 1151 8370 183 3814 3524 1610 4398 1602 9099
9004 5128 129 6652 9604 1093 5299 6327 3830 1375
4725 6117 6939 7270 8872 1013 8714 8517 1603 7007
3233 6762 6223 431 1836 6743 5550 9130 5047 4020
7492 2055 8233 6724 9976 9190 1231 7526 8716 9032
1226 7369 1833 5649 3380 8226 6332 1123 8002 2261
8393 9529 2205 9805 126 1100 5496 4831 3534 51
9375 4764 603 8907 5714 2082 4527 814 3393 2284
7320 9338 6554 4272 4293 7482 1174 6439 8688 2599
7385 4696 6725 7138 8761 4803 7445 3623 156 1563
1830 710 6032 8124 3615 2050 5813 8585 4108 1427
1451 9347 1631 2014 1597 5295 5947 5424 4584 8979
6487 5839 7522 2341 954 370 9716 8183 6881 2315
8471 425 7724 9188 13 5888 4918 2528 1478 5728
5195 9842 6909 1919 809 6567 8228 8836 8612 7310
5363 1124 8748 8352 5134 4840 6722 6543 5101 9277
2281 1516 1418 8611 982 286 1733 9435 5665 2119
7072 5080 5351 3609 902 4218 7846 2230 7043 1302
8003 7224 5030 3493 1307 9966 6136 6650 9759 6962
8563 7381 2009 4920 3320 2835 7490 6534 5466 8751
9767 974 7403 1164 5732 760 699 3905 7867 5956
4965 6515 6129 3639 9458 3823 2015 6794 3626 6060
6477 7615 6252 4641 9563 6243 3287 7647 1920 6844
7392 4263 9638 5725 20 2652 6666 6416 693 2636
7570 1699 8367 7213 5479 9800 1359 3843 6643 7537
4996 9441 9642 3577 8802 4233 9476 7049 6072 7474
4343 6330 8536 4708 4046 4036 8081 893 5264 5900
8256 979 1122 8359 3093 8885 287 9709 8545 3027
5866 1171 7757 5448 2524 4286 605 3757 113 1585
9840 6922 2728 9506 4926 2673 556 7256 6600 7825
9372 17 9485 409 8454 4857 7465 7780 6240 7148
4332 3829 608 9460 5624 8155 9426 3802 2586 8453
1958 4526 8052 1549 4519 9377 2129 6438 5059 4386
227 519 9303 6411 4588 3386 2935 4294 6467 1416
2362 4957 288 6810 1335 532 3462 6447 7915 1617
5770 7235 600 6464 1589 8876 8459 9769 9345 9628
3399 3387 6470 1078 9183 6137 7171 8680 7675 5526
2811 1823 5953 5364 6949 9281 7817 8883 2741 4109
587 2682 5197 3378 9951 5414 5205 4533 9757 8927
1713 5157 8416 7656 1787 4754 2740 7200 561 3684
4495 7471 4444 9875 7333 2123 6716 8606 9164 6378
9949 3054 2910 610 9691 9453 9150 2656 4560 5648
3592 5699 3878 2267 8630 4582 23 2392 9406 4359
3465 9302 5429 7001 1406 110 3622 7071 8066 8082
7762 2875 9325 8389 2276 8843 9125 214 2580 3710
508 1099 1509 4402 1653 816 4278 2107 9327 5421
3930 6672 2100 1394 9656 642 3072 9526 3977 7122
6102 2732 7456 241 6578 9518 3701 3876 3945 5850
7141 4869 1212 4212 4192 1748 8326 7503 6236 1247
264 6177 6420 7551 1411 7885 46 5398 8475 9308
1070 488 5891 6927 452 5687 2702 9562 1636 6856
7496 351 8829 5464 9837 5368 5118 7855 4553 2496
6596 7336 988 4414 1815 9174 4011 2208 4134 5695
5266 5152 172 3256 3090 3792 1183 6155 4193 3519
6614 2667 2781 8903 8439 1064 9158 2311 2806 9957
9975 9114 5455 7204 5400 8964 601 9946 3686 9717
3847 3605 9896 9041 1567 5751 2433 6988 2964 1703
9049 1396 4983 8465 2564 8920 4514 2889 7470 6791
3421 3147 6338 8737 6301 5851 361 2453 6458 1553
8639 8245 8064 160 5045 5654 104 8628 4511 768
1536 3671 2642 1862 9647 385 7509 2763 3052 4264
1847 896 8844 8941 6023 3445 5670 7274 1776 6872
3929 5516 1369 977 8601 2337 394 6130 8650 8074
5997 7019 9771 249 6138 169 4635 8363 1153 7453
8968 3231 1810 9113 7429 1671 5477 4140 4024 2890
3022 3282 1395 9246 1816 7870 6654 7700 5332 6673
7651 2505 5644 9616 1663 829 180 4195 4317 3598
2592 863 6088 5669 736 4743 2751 4775 4337 421
2333 1173 5313 1879 7202 484 7004 8832 7518 731
4487 5002 8205 7315 9863 274 7934 5928 8506 831
5668 5439 2992 8831 8654 6368 8909 2595 2385 5356
9104 1430 6081 7349 7540 6788 4993 9025 3184 4006
648 4544 1719 2792 5265 7230 5228 7076 8589 358
6686 7963 6455 5539 9999 6384 7116 368 2760 3441
632 1891 9305 4425 8701 8759 5377 849 8617 1191
38 2008 9507 1710 3439 9828 8456 613 7707 6103
7436 9389 212 5331 1439 8302 6116 5548 7632 463
8858 7195 9952 3979 2069 5686 4774 5311 9339 3714
1534 704 1818 491 4316 9403 6355 6511 3772 5096
6579 6587 8173 9589 7761 793 4817 8202 5365 4244
4352 2720 8017 3375 2463 6525 1380 4474 8661 7607
903 7690 8942 2041 5991 4027 5907 6516 4970 5521
4321 3473 3808 8486 1050 1041 5525 7053 1574 3515
6574 3787 7188 2372 2911 8185 9131 2393 3504 5967
4814 7990 6254 5830 8182 3440 5511 4308 269 5780
7664 6637 6848 9216 6705 638 4143 1278 1722 770
9429 801 6234 6565 8166 5777 3902 756 9708 7898
7513 4824 3030 2390 3863 1081 2307 5643 9470 6141
8127 6738 6016 6893 2482 5964 448 5779 7285 4648
8117 7706 7741 7746 1199 2090 549 9945 8105 4947
2303 5819 2632 4147 7032 7681 9109 9078 1936 8270
839 5711 4576 5919 8214 8926 2631 9442 798 9171
1766 2437 1132 8349 3179 8592 901 7564 5857 9376
4745 9064 6522 9357 3144 9789 9929 1036 345 1144
2836 3649 5579 8731 3613 6868 8119 8369 4907 3512
7950 9434 2295 7758 7975 6260 3258 3236 4663 6429
7022 4513 8458 8308 336 2637 1333 3922 3944 6940
1265 5490 6853 4672 732 6031 1345 2500 2539 2873