9329 3083 4510 1201 4062 2219 2806 5443 2237 2194
8838 4346 8712 3722 2440 916 5365 1136 7464 187
8909 6773 3863 8881 9238 5418 6878 2063 7192 9828
9713 3744 2940 60 1222 7722 7255 9753 5477 2843
9861 8644 9797 5209 4157 4900 9455 5559 6769 9947
6650 6555 9468 7901 8502 4182 2356 8217 1611 5235
3523 8710 9283 1703 6514 7860 5146 1518 8697 2662
6083 5304 2946 7864 406 2347 9564 5398 461 7775
1852 3637 8593 9992 3834 9124 7859 3982 7106 6957
2824 4220 3563 4567 9156 9607 2890 303 1998 8482
1672 2740 9626 2840 7905 2985 1949 493 972 301
2880 3904 665 8636 8660 4898 8599 1144 4652 4237
3915 9848 5377 5723 394 9438 6659 699 8933 1936
3540 3921 4232 1295 5454 2081 758 3989 84 7312
3647 900 4721 9918 3020 5383 1934 3513 5527 4372
2108 4604 9812 8819 6176 5716 6065 5189 8800 4668
8714 4158 3188 6178 5224 6973 9184 8489 6596 2831
4934 6783 9104 7057 4239 4580 1146 2163 8938 8199
3686 6851 9689 2369 8449 853 1834 2574 1508 2573
6268 780 5563 4809 4665 4778 2770 4936 8427 2720
7455 9830 9249 480 627 6733 6126 746 7239 4902
677 7250 2444 8853 6224 8021 2300 1792 1646 3750
3112 1458 1451 3996 3676 3440 3414 7108 497 1709
7370 1277 5948 2875 315 9474 5324 6979 5011 5244
4374 5775 8448 7226 745 5117 9740 6512 3308 6862
998 9910 8415 2656 8416 911 3890 796 3981 4669
2261 2894 4569 6996 7943 3394 3431 6674 1063 9197
1842 7665 4684 5781 4368 1943 4113 2728 4331 2751
731 51 9878 623 6455 3573 7774 5674 5776 410
3245 8726 8390 4201 6198 3044 6859 5535 3450 63
8324 9530 4421 5813 364 5520 6968 2396 1824 5767
8180 7414 7317 5834 8625 8216 9054 3196 1901 750
5451 1313 636 2187 8233 5937 932 2781 3189 4021
5150 6658 1279 2795 7268 3011 4027 6242 8292 9670
2778 7134 24 5518 7975 8775 2697 5462 534 2518
3972 5312 2087 7928 7476 3219 3084 2631 4358 8209
4032 3324 8723 1522 6976 7122 789 7415 1980 3712
965 8035 4903 2687 1797 1249 8837 9673 4878 1114
1653 952 5473 4852 9095 514 7946 7225 4472 4309
7582 36 6609 5955 9718 6757 4075 4600 7170 391
3060 6604 2208 7948 7183 9341 3237 6412 3978 9448
1907 546 8509 4437 5871 1087 3887 1772 85 8358
7553 6363 6247 1076 3155 2810 3393 1608 6140 1692
279 6057 5510 8131 6008 6026 8778 2853 6107 2632
1738 3962 5939 6898 104 4736 4835 9693 2437 2155
9013 1867 2683 5923 7329 852 2435 9195 7042 5512
2823 4832 1844 3594 8919 5381 1045 5004 2000 6453
6285 9934 7547 5237 7254 7643 568 4700 5156 9639
2794 2517 26 7958 6278 3069 4120 5098 9501 7369
6466 9741 7500 6380 2469 8060 2571 3864 8255 5922
9602 2013 1006 8665 9542 5968 806 231 6567 1462
4939 1293 6660 1606 6327 9231 8863 1939 4258 8191
7100 9930 772 7539 7323 4043 6917 3926 2116 58
4238 6501 3582 6805 8499 3191 2337 1760 7815 7620
3579 5677 110 839 3095 2870 8336 7927 6852 606
9537 3116 1300 9320 726 1592 3872 2007 430 4555
4233 2874 2426 1700 3545 190 3796 4711 6520 5361
5604 2619 6503 4030 2015 5014 870 7280 1839 6400
6602 6415 1911 3674 8514 9824 5172 2181 5035 7779
2027 7341 1820 7337 177 7238 8412 2043 7562 1743
1134 398 126 9804 3314 9051 4304 6836 4390 5047
4645 7979 1274 3812 8529 9637 4602 1349 7397 7747
9137 2247 1197 7596 1409 6505 4342 6543 6737 4786
2395 671 2864 997 526 1749 4218 1779 3082 9065
3866 8224 9668 7458 910 7876 1880 2494 4191 8522
1365 921 4648 851 8226 1078 4541 168 9633 4640
3421 5707 6091 760 8641 281 1673 7646 62 5147
4647 3621 9207 8314 7436 5814 6863 7524 9033 1442
7301 2882 8903 5481 8513 1285 8480 3791 9108 2572
2647 2190 817 4909 2400 399 6686 8474 5421 3669
5378 1659 6088 4495 7297 8692 3127 9782 4966 2526
4968 1294 2913 8601 8063 2835 8733 8861 3724 1239
2569 4649 538 2246 4399 9658 4046 3751 8323 613
9000 2058 7522 6131 6109 8354 1402 1403 8159 6875
2981 8874 9269 537 80 2016 1953 5157 6810 7675
3251 5371 421 9375 7179 9539 6017 9083 8083 7474
7803 4983 2658 8203 6366 2692 143 1628 1737 2991
3556 5832 4538 1330 8943 4689 4154 428 5824 9163
849 4773 363 5556 7391 4944 7634 3007 4949 3928
2139 7482 9762 6375 7069 8730 4221 6038 4557 7048
2464 3289 7571 1972 2903 2797 73 9397 2215 1254
2679 5449 9239 3401 44 9436 4136 1922 8456 6101
9717 3406 1642 949 9685 6670 8657 5995 8461 172
4899 6167 3603 1533 3322 9547 7706 962 517 1194
8809 5458 3074 6151 9434 2922 7516 6023 2847 4185
6180 4486 9471 6830 3354 4161 6208 4982 9755 2543
5085 1262 5414 7573 1991 6414 3287 5872 4986 7842
9597 2704 7701 3134 9841 5752 8524 9425 8494 4192
6025 5645 4026 5846 2713 9343 7234 8464 9286 2411
4484 487 9441 7936 6796 3347 2784 1933 2217 503
9594 836 4738 3576 5678 7102 902 4401 9355 1070
3971 8784 3113 9939 4688 7491 595 6741 970 588
127 1121 5436 1800 9777 389 42 260 1713 2893
8330 8848 3376 3068 5119 7015 8465 4930 2898 6644
8153 724 4976 1079 7300 840 5552 2582 685 8914
6883 4155 5212 1981 9817 5217 287 5184 5812 6794
2415 5407 2056 8992 2667 9133 5574 6238 6481 9228
8103 1571 2892 1333 6128 6910 5405 2732 9979 7867
2960 8506 4396 225 9789 4873 766 7162 7274 121
262 6120 717 6488 7299 2557 655 3607 8685 5374
382 5737 2796 2591 1266 1154 427 4751 4537 479
2379 5831 4214 4247 4181 1389 8977 3611 694 1974
7066 8501 4308 2405 1791 9775 5447 2413 5275 219
791 4240 8019 9001 7677 4497 3330 5626 7058 4755
9244 9591 9792 518 3667 9488 9157 7384 2637 9454
712 6398 2674 6707 1107 8418 397 9960 5028 9030
4229 1582 2205 6158 1716 198 4885 7468 4915 5780
9965 4756 9193 7314 5346 1351 2986 6243 883 2398
9116 9011 8011 8152 6226 2897 4864 2467 9202 1729
8876 8749 4724 1929 3120 9766 7986 9094 5606 417
5139 2947 4598 4741 7940 713 6329 3627 1857 1159
1500 4416 2251 1914 6606 8473 2206 4849 2788 6072
8378 9885 4438 9638 8708 6990 4771 2238 5802 7222
8483 585 5373 5628 3695 4087 7730 2066 378 3248
7371 2965 8067 9164 1035 1770 9185 7347 3475 9635
5354 6134 8167 730 4429 2624 2944 8846 9761 1840
218 6986 3047 9586 6116 2888 771 8824 5815 5857
4621 7331 7252 331 4473 657 2055 1287 6142 1535
832 3626 5670 3126 6301 1368 1091 1187 3098 8487
3003 4653 536 660 92 4548 5058 6874 3719 1961
1130 9012 600 6490 6700 8001 786 2780 4356 9758
3337 3247 3551 8569 5133 4098 4414 7257 5726 1994
1185 2072 5992 5663 320 3581 1314 548 5218 4531
1308 7450 3731 4583 8621 4810 1735 4702 5445 5736
393 3266 5410 1260 5772 2535 7921 1701 7729 2525
395 8604 4005 8306 1866 7704 5097 7886 3519 6812
8008 3447 8799 9117 4211 4225 9620 9752 1250 1918
4051 3384 5393 1589 3583 5026 7012 6251 5161 9430
2312 6955 3224 5764 8130 8939 3826 622 8845 1422
1494 4940 6300 2333 4534 7667 282 756 5009 3313
5982 9745 3385 7732 4169 1226 7072 2721 4444 3503
8064 6044 8999 4970 754 4775 6680 4055 875 8406
5986 7438 8469 387 2522 7768 2486 6612 4651 56
8944 5656 4774 3253 4833 5600 4149 3544 7502 9143
5277 6619 307 441 8051 6698 3339 5064 7243 2952
9665 8095 1235 7528 2712 9687 617 273 7771 5342
4491 6708 8059 5844 9037 3539 5363 5538 2224 3362
5091 3471 5433 2262 3794 8404 8544 2258 2366 1352
6508 7614 7144 65 9081 9080 7825 1596 8760 1872
8068 5686 661 6988 3282 6295 4335 3468 8317 7246
1782 6967 6297 381 9198 9175 7885 293 123 8285
9365 1679 2193 3838 9481 9985 1149 2723 232 7119
469 9694 9256 9186 1099 5866 3742 6235 6248 9154
7716 3550 8420 8230 5311 5540 4502 1499 7809 3305
2378 1227 9024 1621 5351 6452 2621 2099 1823 5108
6691 286 2814 2259 2969 3075 7050 1162 2452 2198
8849 6756 5077 6348 5358 6701 4234 6103 5943 9179
1179 8425 695 5951 564 5613 2510 5724 1643 4838
28 5315 3117 7991 1794 4492 904 5789 7147 9865
6136 769 2320 8173 183 1331 276 7587 8466 7606
5055 3114 3960 4739 18 4127 7403 642 8954 7456
9087 164 1085 9353 4530 6693 2476 3917 6557 9616
633 2256 6094 9783 1546 6373 6471 4493 2132 9364
7629 9857 4800 3133 6418 3673 7186 6647 8259 926
6964 9716 9427 7427 8178 5829 4344 9009 131 3797
9660 3495 3707 1882 1793 5072 1583 3533 987 9485
4400 5369 7557 8656 9281 6118 3232 9996 2454 4728
4584 6202 1572 3327 547 9699 452 2282 5254 5476
9138 3705 737 347 9200 6422 929 5806 8232 3912
7099 5969 4216 3050 1139 2668 1741 7628 6254 3941
8134 9932 4302 5389 808 5307 4642 3820 7890 4130
2825 122 4015 9323 247 2324 6068 2759 7198 9134
2135 3648 7321 5841 2071 2096 9998 4816 1754 6498
4550 3714 583 9970 8804 2755 2742 9383 2580 5758
5163 3725 9433 918 6577 2274 9345 5874 1835 9264
1038 1625 3761 6376 5816 6857 2666 3455 5796 5440
9007 8597 9053 412 9548 9955 2607 8512 7907 8242
8401 4286 59 1548 9528 4241 7549 5744 7627 8951
2104 4280 3937 4426 1951 1736 3765 2779 5580 2353
5967 5432 9608 797 4817 2863 5226 9577 5494 1768
2329 7930 9513 6877 1048 3311 306 9240 7035 9854
1871 4080 4639 1286 5895 3030 6051 6722 7213 8303
9522 9757 7682 8970 9933 8905 3101 4454 1010 3396
3913 565 7005 1617 499 13 4829 8530 6872 7762
5664 9915 8491 5673 202 4743 7200 3407 5319 3408
7644 217 4319 5929 8904 2035 388 7660 7673 7258
9871 6425 3773 3752 3241 4931 3299 7616 5484 8220
5287 5592 6526 6811 6429 6803 2702 6384 706 2830
6873 2085 2088 1379 7216 6738 5399 7718 7146 7376
475 8786 2399 8738 7865 1573 6159 2936 2756 3190
5880 7364 8345 7853 8958 9241 5851 7934 4612 640
7411 3844 4475 6776 6552 6947 343 5998 8277 6752
8575 6349 785 917 5671 6052 1590 4341 856 2137
8559 4104 348 1515 5370 7780 7529 2368 3757 5242
7351 5768 735 161 2939 774 6395 5266 4797 4117
8634 8536 9956 370 3998 9801 3835 7749 3087 2133
6369 2244 9544 6037 9409 1715 6489 2984 5041 8637
8099 290 9791 5727 4890 7914 5259 5886 5640 1051
6280 2145 6547 6728 6397 7313 5528 8562 2688 3005
6749 4128 9874 4063 8771 8867 342 2943 5899 2233
2152 2014 3108 7287 8218 7871 9049 3964 2541 4466
2207 1707 5063 2912 373 4827 2134 7880 5733 9169
2538 8198 246 2009 5687 6823 6119 5349 7392 1408
5800 2037 5928 9064 6303 7480 1963 5557 4704 943
9975 365 14 6932 4830 6390 7714 7854 9943 9357
4820 9443 5740 3213 6896 9894 3146 3249 9807 1649
3092 1392 3290 4242 5547 3774 165 7985 9335 6132
9705 9576 4528 4103 9590 1353 5912 175 5778 2993
240 426 7481 1547 6234 899 3977 284 9458 5908
8633 4028 6653 744 5211 2747 2499 6904 3359 6563
5570 5751 1214 2144 361 9550 8438 7338 4033 5638
7870 3315 2601 3132 8716 7633 2921 9292 5268 5950
8274 3629 8334 9993 834 3085 5498 8029 8814 1756
6590 6535 8462 2844 272 2308 3426 5548 6302 9504
5495 1540 9497 3170 9926 5648 2199 176 8397 802
3138 7965 5384 3009 6725 8864 7473 4196 5134 1507
1474 3390 2425 5404 5474 6283 1248 5100 3192 5931
8682 9818 5339 1122 3122 6687 2120 9212 2563 1489
8281 6511 3665 6584 8779 2223 8632 9148 7579 6222
2973 788 6565 8365 3326 3507 5984 138 458 5534
8229 8142 7353 5830 476 2933 7026 2146 2733 2280
33 2750 7426 2594 1531 5611 890 9180 6799 809
1198 9361 7029 8126 2502 9786 9276 6467 7980 6706
8974 9093 9953 9978 1758 5586 8243 1073 6262 108
3718 3738 6058 8120 670 2168 9645 9683 4868 5455
2945 8410 7691 9025 6940 8862 5485 4782 2091 5359
4907 2587 5214 8724 2848 4577 1027 8574 2855 5337
7580 119 1141 4330 8519 8722 6569 703 9230 1717
4417 7913 8725 6795 3154 3558 6249 6909 3898 6551
9862 4762 6081 5695 5053 9141 3642 6764 9005 3986
8889 9112 8505 6324 7893 6530 8144 351 4175 1360
7294 8965 2129 9113 8975 7670 1632 9326 3911 5603
6884 6035 7514 9404 6545 3236 6188 5247 7430 8918
9411 502 2544 3693 7945 7094 5206 3457 3824 1320
1893 3944 9739 5183 4324 5180 150 532 9167 7887
4766 2752 2188 4960 8719 512 2560 6685 2554 7741
2306 2677 5649 2758 5334 116 102 4252 9679 9980
4587 2948 7286 6125 1970 2201 1532 5411 6272 8727
7383 3349 3591 2109 602 2536 2474 8433 8081 1899
4623 446 8713 3620 9872 3268 3415 9546 3708 7378
6209 6787 2562 3128 2062 1469 9721 4847 1083 2895
3815 2214 5355 2079 236 4419 5565 3000 9161 5533
2504 9883 9451 82 9171 3222 4546 2620 8984 2127
7130 5956 5910 9573 5282 3461 3150 6608 7484 6629
3166 2575 2122 235 1806 7827 4595 1745 6688 8500
6444 7850 1282 3478 2775 4271 1869 1803 9849 8054
1615 5348 4089 5551 4499 7092 8475 8948 6587 9270
3276 5856 2578 6002 8282 8136 3965 9695 3901 8093
9453 9149 4837 1600 572 9029 9907 2128 5525 5646
2355 237 7336 7493 956 8143 4433 7067 8114 5309
8729 5042 1966 4508 8444 9424 4672 8284 9834 5159
9582 1119 4364 8017 171 4683 6143 7908 1245 1718
2204 9119 3530 5459 6336 5160 7142 8371 9258 506
3596 6824 3387 6538 8100 1993 3930 3350 838 1671
158 5322 9473 1641 9349 3195 8989 9879 6137 9677
9066 244 5966 597 7738 5588 6367 3448 9439 700
4188 5038 6459 5005 7653 4274 5708 9136 6705 1081
2643 7413 366 9079 7993 8176 9008 8408 1236 8931
799 8869 8957 7242 7115 9491 4116 7777 2051 5328
509 2170 1610 2436 474 2179 2351 7406 8061 1446
2813 465 6172 2833 1233 159 5585 5364 6169 5022
4787 2445 8160 3983 191 795 9111 4081 1557 2867
9988 4950 8564 6027 137 8882 1740 3225 927 3017
269 1492 9206 3278 294 3160 9191 1304 6372 4657
2393 2034 2044 3973 5877 37 2191 6540 9339 1490
3537 3318 3025 9106 857 8084 2248 4465 1192 1810
4320 4310 8276 2338 2849 445 1541 8772 19 5828
2719 6150 2558 4769 359 6004 4305 6231 7017 3281
4441 2243 1465 1858 5631 5836 5554 1453 9742 4306
4296 4124 6469 1301 1036 8801 945 3939 6244 7904
519 423 827 1034 4641 5837 9291 5765 8024 2371
431 5855 6294 9490 9703 7399 8967 9583 4142 5106
4084 39 8347 5018 5702 470 3435 4076 4924 9769
2427 1506 7266 8906 1449 6014 3950 207 339 9731
5101 4662 2495 7520 8342 3331 5379 9122 1120 5848
7056 9925 4674 4834 3230 6138 5048 7208 3036 6273
4690 7008 7776 2512 3692 3675 4680 9938 7385 7699
6960 1585 5076 5985 2622 5255 67 1879 1862 6923
8619 5227 2119 594 5868 6880 8038 3162 9374 8888
9236 8200 1973 7367 8966 2600 7259 7595 575 2881
3386 4357 325 4150 5970 5784 411 4846 9904 6819
9067 1769 7807 4118 6442 8256 9561 5864 8647 1030
8237 302 9062 1921 7111 4099 1965 3358 525 940
9702 8643 481 9217 7339 6666 9483 6623 8236 858
3214 1350 1544 5990 8605 566 4227 2994 7475 4658
778 98 7016 3659 8268 1556 3804 1447 7826 8841
7937 8815 7669 4696 5835 7830 453 1658 7138 1467
9843 4570 3342 8116 2458 145 5620 4122 4434 5262
8833 7063 1528 2468 6436 3589 2377 8628 2026 762
9109 2583 8145 4100 654 3293 4110 9275 6402 4806
5179 4865 3014 884 9790 9600 4573 1954 2689 459
5144 5052 1342 2836 5665 157 614 478 5747 74
3436 5368 8955 215 9182 5771 7330 6846 32 1113
7172 8305 318 5847 1470 7209 7748 988 5712 7236
4679 2477 4789 3091 684 6657 3473 3871 5725 9921
5926 9682 5803 7308 6841 1623 2460 8070 7746 4614
9867 5616 604 2492 6854 4141 7977 6478 3270 490
3682 8170 4556 8312 9312 5457 4935 136 783 545
9971 9814 4187 9845 9692 4042 3655 9540 3593 8434
6199 6667 6205 7185 2816 1202 8000 8551 4348 1774
7110 9120 7639 8912 6121 6165 8827 9964 3953 2822
3704 1755 9177 7228 979 2783 4513 5888 813 1807
5415 1727 2140 289 687 8816 7233 460 8459 6073
1243 4088 9922 8346 8910 9825 5441 4667 676 5799
9247 7277 3 8883 4979 9646 9132 7193 9220 7060
5916 1978 6802 8746 7692 2730 9366 4563 2226 6950
8398 6682 6704 8446 7045 5196 3404 4312 7096 4064
9144 6916 3777 8614 2045 3419 3207 3920 7290 2083
6076 2633 5905 4706 1234 3442 5531 5 9265 7837
8859 9315 4523 7527 40 3334 5978 6977 3197 1178
6739 8463 2605 8543 1150 6821 3970 5191 8806 6718
2665 878 4729 7531 6724 6193 7617 7387 2270 1039
3931 3952 9631 1299 5446 580 6635 1067 7295 6168
9073 3100 8470 3089 4082 3663 9749 3848 1338 4415
2800 4410 8612 8790 436 9460 6710 1848 7997 3341
2680 6492 8286 6196 2352 7888 4964 1708 4870 573
9487 5062 8663 5215 3180 380 6428 8774 1228 1174
5402 3678 5483 1075 2447 554 4025 7446 8802 9724
5375 4802 7304 3542 8808 7360 805 1220 5320 7076
7537 3012 7442 592 3884 6618 9442 8752 2793 4276
4601 1828 4383 3790 1272 8376 3006 985 4957 9071
6310 6531 9418 6066 3038 9624 3058 4527 963 8360
3959 3990 4578 5385 7535 2297 2566 7105 6043 1567
9499 6318 1224 8548 6485 3051 9890 1378 8648 1151
6458 5505 1579 6735 2736 6678 4222 2714 1247 2757
7969 8492 451 6070 6190 2235 8088 1345 9610 8920
9316 9344 8916 4883 4558 3459 1444 6560 1088 5148
8547 6766 9815 896 7501 8052 4876 8776 8554 6407
4993 4017 601 155 4325 6922 2792 3754 1188 154
6620 2729 3400 3605 434 1967 7000 6267 3580 4624
3899 211 8301 6201 288 7074 7708 1339 3948 7400
3184 8686 6683 4092 488 4298 3073 3477 2724 1326
2735 3097 579 825 1166 3800 1 8327 4290 1347
5562 8373 5394 9086 637 6845 5030 1242 7877 9666
3107 261 7235 775 6927 9565 8362 1937 6220 8495
2286 2926 9021 632 8202 3304 1766 9092 5442 8745
4853 2039 1101 1405 4854 4307 505 9751 951 612
9259 5957 256 6450 2546 7987 30 1892 1926 8818
2854 6521 3034 3961 8898 1765 9035 872 3842 6155
9962 7488 4079 1290 9076 3202 8058 3735 1086 1253
6365 7140 3049 562 5220 7586 2774 3713 4532 2166
9078 2315 8622 5808 8057 1670 3578 8479 7858 2397
6053 4440 5887 2638 3717 1989 8291 1054 9203 8721
5296 78 3295 34 5867 3319 1191 6881 9519 8225
4442 9743 1323 1568 4535 6491 8129 4360 6237 641
5972 5882 2731 2737 6978 6926 5200 6339 8228 7019
7989 9450 9282 9961 540 8676 3144 5542 3585 1977
1983 5953 2200 4916 8747 764 5194 7358 496 9707
811 6494 3958 2534 5092 9706 3652 8994 5490 8357
1098 1752 8899 1148 8147 3617 4869 3710 6194 578
3541 7316 2221 2138 9940 3510 7368 1932 404 8610
9274 9554 4180 1021 6250 3343 3769 2253 8117 7794
120 4514 3526 8338 5409 611 903 1208 3571 1053
7089 7642 6316 2650 2838 7942 5416 1025 1157 6277
6944 1514 7495 5964 5216 1724 3949 4998 1479 4673
7452 9121 7483 635 7133 3121 7796 1381 9903 383
8987 7040 6286 3284 5303 2851 2367 4661 696 1002
6239 8765 8107 438 6333 77 6347 2260 2661 3443
5810 6111 1110 6308 1581 7961 5401 3463 8736 8262
484 464 8739 5366 9581 792 4765 195 9876 529
5110 3740 1689 6346 1517 1833 4836 2136 5070 9210
2290 1019 8669 2018 3307 9475 7032 3418 8082 3361
1832 3763 9019 8092 334 486 8135 9672 2663 5597
7990 9661 5504 9813 9559 4593 8756 7572 1047 6210
2877 8822 4956 201 8048 3032 8902 3201 8287 704
2669 6610 1319 1731 5523 5469 4318 2409 5599 8221
2951 9114 6549 1273 9700 1147 7380 4507 8026 424
4525 7412 6179 3228 1364 2791 7919 3008 5109 1502
672 2433 3377 88 1808 9336 1536 4411 3817 528
8053 9937 2805 7217 9896 1398 4083 3422 3623 6269
814 4753 4677 2675 3316 5008 100 1329 1291 6236
7892 169 7552 4345 5596 79 6148 1431 4795 3143
1946 7479 3858 6675 5889 7451 3454 968 3482 1654
3294 5743 4767 8455 1956 5340 6325 7444 6628 367
9623 7160 6009 2977 7607 4822 5036 5526 934 8201
7932 2412 6987 5185 6299 7752 9738 3348 6098 6146
9057 4691 4731 483 466 5651 3807 9378 5086 5400
2394 5153 9072 5777 710 3355 4906 3889 2868 7052
2293 2802 6936 5017 6029 76 3870 9139 1463 2979
7590 9368 1525 5715 4132 4467 9981 4019 8182 4995
508 5514 9908 5701 8405 9039 1655 2449 5176 1574
7845 5713 2490 8795 8701 8540 7141 8537 5728 999
3733 4376 9507 299 3171 7132 1065 5241 5132 844
2245 7778 6030 3775 4213 7935 991 1029 9386 5657
7227 2005 4761 841 2925 4989 1152 837 9309 2975
291 2304 9334 7559 6906 4443 9380 9128 5668 5253
7318 1570 6713 5595 6500 5639 5006 1112 9873 396
8832 9356 5598 9354 1644 4547 1598 6259 9287 8890
7263 9014 8441 7819 4270 149 7609 1817 7038 4317
8308 7437 5694 5382 7731 6110 8638 2434 3888 4488
29 6828 2982 7283 5621 6265 3392 6163 2177 7157
3993 5205 7077 4351 3504 2799 6206 3142 5438 6989
7782 4418 2590 2061 5961 3825 4529 9350 4478 3885
9906 3109 8027 8985 6807 8588 5208 9710 3033 6574
581 6359 1209 3601 4897 9832 6082 416 4388 9802
3916 4565 9625 9725 3382 8007 8570 5977 90 9187
3438 2084 9470 3125 1414 8764 4451 3586 4975 2886
5397 1440 7156 3553 6162 4644 2532 2331 4387 4112
3169 5331 1309 3833 7189 7917 1960 8101 2303 8244
9402 2635 7248 9748 6304 3535 2418 6241 8677 3345
2273 1686 3057 8443 5947 9656 5472 8797 6451 6981
4772 8154 9593 22 8928 7448 3940 5352 9254 6474
2970 920 4321 9615 9042 7161 5791 4133 5273 1788
3204 8080 8368 7983 4714 9768 9730 8959 971 9099
9901 3323 8956 6554 5560 6523 2739 4692 9552 8006
6245 337 3746 7710 7014 4521 8606 7530 9242 5427
7570 747 7487 450 1587 7970 3364 3792 871 1046
4385 7467 5745 468 4839 7862 4980 1158 7873 7916
5703 8273 6636 9772 140 2313 1847 7663 9422 1684
7648 9515 9747 2497 1156 5487 7039 9489 845 8796
3174 924 4288 2252 212 1461 5081 5353 1789 4002
1171 1270 1421 3277 6621 6454 23 8731 9816 3716
7933 9209 4543 7361 2891 5633 7843 3274 3456 833
9243 608 6130 7954 7813 2040 5971 6071 3803 7992
906 6891 400 4423 2766 8269 3356 1052 680 216
7656 4265 3469 3615 4631 6818 2463 10000 533 3891
9589 2524 2111 173 7043 8363 5558 16 5246 9437
994 2302 1876 7773 6445 1830 3779 3151 5293 2421
6937 4474 4814 5508 1397 2101 9069 3446 9570 4559
6765 1361 5636 4862 767 6383 1055 9392 8442 7806
1430 5821 6959 7332 5581 9297 1373 7424 1664 4173
9174 5448 4431 2873 5700 7211 3869 4946 7030 4734
9912 9556 3238 9371 2907 5779 7373 2332 1925 8690
1714 7061 4599 9847 5898 4074 6417 1012 4300 3013
5046 3644 8953 2931 2773 6527 3567 9892 7874 5688
192 4498 5115 9796 5826 761 5878 5623 3194 3500
2176 2232 372 2453 4757 2983 3679 3927 984 7027
7082 206 4517 5075 3969 2160 4189 2827 5680 5127
3052 1298 5308 4250 9900 213 7292 4911 4061 4781
6826 8320 9629 928 4011 3879 2602 4060 1552 1370
2584 3367 5044 2184 7309 755 958 7472 7966 7296
8411 6075 6160 3734 4783 1938 5994 2821 9698 5999
3783 5310 2272 6309 4285 4695 6261 2764 9479 2604
2103 2386 7262 4267 9596 9445 1639 4597 9419 4235
295 2727 2705 124 6456 418 9765 4637 7974 1746
7267 6010 3528 6133 1676 8005 7525 5647 4670 3131
6084 467 9676 3894 6344 8877 2068 1775 7821 5987
1526 3019 2178 255 719 4625 5263 4086 960 130
9255 7457 7381 9887 8623 9088 6112 9314 3690 9771
681 1388 3821 6677 3105 3739 1044 4609 9172 6887
9016 8783 2008 9858 876 3333 6388 560 3845 298
7165 646 5279 8755 3336 6516 3723 5290 8148 1957
9823 7184 7 2905 377 3306 5249 7124 3922 7377
9346 332 9385 5634 1720 9278 5739 5976 9506 9330
1902 6228 5197 3956 4292 7365 9909 3077 8086 9416
5232 905 1856 8271 7605 9285 2664 5300 798 7018
9367 5572 6921 4445 3963 5341 2164 9870 9669 5329
6882 9126 4119 6389 6332 2900 3560 1318 2298 6430
3246 1816 1634 234 4860 8715 6322 4923 7342 8880
2694 7223 6184 1000 571 5555 784 8393 7594 7575
6281 3902 6600 2850 1563 9788 8319 6943 3458 3279
6351 4656 9657 3439 6597 4069 2485 9260 8414 3233
6788 4675 6341 2798 2565 2717 9864 54 6435 7085
8584 6913 7420 5167 8430 9381 7231 1074 2010 541
1594 3819 5729 781 4892 6985 7802 4393 2772 3464
6566 6915 3808 3925 6669 2175 4044 3795 5166 7293
1730 8913 2153 4722 2660 8762 1863 4470 6317 2966
7394 8649 2424 4905 2060 4754 5468 5788 6480 2316
6558 8421 2479 3702 5356 801 4138 3262 1213 5318
2918 2077 8387 7054 9268 9090 5629 4413 1257 1602
5817 5013 6370 7126 5804 9935 5619 2376 5423 8419
4487 9886 8187 6379 3875 3979 8629 9618 9446 6292
9568 4730 1564 6586 3223 7697 5879 5499 3515 1064
7492 2358 9484 6903 2551 1829 9881 1011 9651 5286
740 7712 6047 4750 4203 2645 9310 1948 1771 9963
3258 6575 9972 3366 64 4698 8587 2754 5676 3559
3758 4997 9827 3857 7546 8290 1267 2914 1928 9452
1748 6189 7083 5043 1071 2567 7982 946 531 4253
9150 8257 238 2100 8937 5252 6141 8091 9457 7382
3522 1699 9376 3755 2872 1355 1690 5229 8639 4058
7684 2073 5502 2384 2236 8399 1776 472 1665 9246
9784 6613 5914 5742 8675 7425 874 7761 1164 515
3897 9461 1777 8925 668 5524 8672 5335 4632 530
4164 4566 1072 7219 9224 9634 2865 1093 7224 2325
4994 2240 9189 8149 4264 3743 7640 8576 1481 3566
2655 7515 3672 5539 5790 3063 9318 8033 4073 9584
8567 2192 7177 5094 7654 1133 4012 8753 1962 2341
2277 3608 55 4607 3115 6493 6326 9595 1168 9558
793 5927 1874 5675 3893 2593 6105 2887 1473 1395
7205 8885 6605 8150 4405 3157 3260 5819 7560 5981
8113 8246 6942 9496 2042 9959 1216 7568 6641 9101
3059 1183 5958 5124 1189 3172 9969 765 2761 4617
8679 7698 4477 7390 7359 4223 8694 3381 9518 1614
9369 8385 4861 2382 3476 7447 7906 5051 5566 4047
6394 8379 5083 9604 308 9949 1180 1390 2937 1877
9684 8670 936 188 5456 1916 8467 6562 311 8936
7700 9746 6758 6837 5941 777 7839 9426 842 6024
5280 6656 5963 4520 6028 4882 5769 6676 8855 1128
3280 2852 7288 7445 2189 3259 2182 2846 8915 8924
6853 2069 6573 4228 6187 251 2707 4635 3054 6900
2285 1190 3524 3379 8842 4794 6809 2989 3352 1145
5466 2818 937 8407 6106 6001 5754 5537 4009 2323
6553 7220 2275 964 1996 9655 6368 3423 1633 7563
2533 3778 9822 6147 2317 9520 5113 8071 6506 300
4163 7902 8572 9734 2676 1092 4697 9630 4111 3072
5387 5797 1468 7298 7688 5529 1886 350 144 4449
4888 5380 6579 2336 6416 355 1022 4172 4167 4176
4101 675 9370 8926 9551 6054 3649 2098 9919 3360
5272 3671 6476 8195 3453 8436 141 3004 8668 305
5429 5891 3445 5302 8541 4353 5691 4990 8138 75
2231 7602 4896 651 8627 1786 4850 4554 8331 2722
2169 5391 3604 8935 6611 9942 6275 4687 6323 8546
782 8508 6408 5321 7756 7785 2790 1068 823 7155
5669 4891 3975 3176 1513 8075 6585 6889 7449 3045
4963 6465 9898 4676 9952 6215 3832 6984 5497 3514
705 6227 319 8179 2074 1920 3936 2978 6056 7816
5787 9860 2296 7597 3185 7956 2957 8040 1416 4109
1722 4841 2837 3433 2349 7325 6798 2953 8359 2496
6183 5467 511 2357 9652 4920 5900 3657 6848 1017
4759 43 4197 1941 7592 3919 4459 9372 8165 1969
7894 8223 7103 4249 7284 9359 6013 2878 6642 1613
1669 3910 2988 8102 4313 8744 1593 7703 4985 142
1432 4844 4763 6177 4000 4262 4379 9697 8856 3843
5168 9538 6581 2909 9895 1138 1135 5325 2 7612
7505 8367 5188 4610 2161 6630 4804 330 3145 5573
314 8014 2171 3689 2117 3497 8894 454 2513 6171
6866 3303 6865 2866 2429 3263 8661 9110 376 3218
3677 7686 2364 7750 4545 6536 9266 2230 1264 4208
5567 5770 8852 2419 3015 4343 7649 9342 1307 7931
7828 6772 2964 6689 683 6785 3357 6829 6203 6637
6011 2786 5609 1762 9678 1058 9905 8700 9288 7550
6892 7151 2448 504 8110 7847 5305 1721 4576 4273
6487 6061 9924 109 4422 6571 4703 3900 71 7440
8553 9129 4303 6721 3614 4424 3805 239 7884 8654
4708 3685 4263 1906 8743 8693 5479 7939 6173 3781
7477 2407 2054 4917 8329 6473 8573 4941 4723 5428
9968 57 2718 1520 2528 5492 8503 4090 3466 204
6307 5270 1328 3093 9347 4572 3658 9298 9221 7143
4008 8580 4726 734 8658 4512 9722 5569 243 5735
5641 3061 2611 38 7441 4023 8624 8460 1780 5642
1014 6918 628 1923 5959 729 3770 957 2482 1482
2928 4269 9733 3264 8056 773 6542 4506 9447 4716
1895 7760 3636 4248 3187 723 5060 5936 6229 6993
8507 8907 9911 5338 3252 1734 4024 5850 1483 6570
9131 422 8813 5067 9125 9261 8662 8453 9951 8002
4843 6583 5652 4041 5327 6711 4186 1043 2480 3532
4398 7398 7485 8356 5536 1846 5199 9215 3240 6994
1056 9609 5281 1459 8579 4072 1706 2227 7214 3302
835 4999 2586 1344 3867 4718 9756 8065 1584 5475
3664 3806 6591 5269 8703 9084 2743 3570 1118 7690
1424 7152 2345 170 8018 1001 9036 1472 2011 4311
5292 1495 4336 3325 8688 8181 2289 895 7421 6844
7996 1325 6032 7158 2428 3389 7168 8391 4369 5141
9967 3462 5869 4215 3344 4375 4068 1553 558 5954
6914 6342 3351 6099 2777 9211 6953 586 2471 9389
160 8036 9462 8118 7150 3831 2829 9808 828 3517
8041 8090 7349 4481 6219 263 1391 5503 9440 3785
5786 3951 7319 6539 4606 4988 1873 9798 1668 7834
1341 8343 1356 5859 9605 9809 6114 9165 7181 1302
5032 8560 6643 5979 8454 3822 2599 4053 3283 9226
3163 6221 6192 3715 2050 8991 7630 6409 5730 6631
4406 401 1095 9562 2839 3933 5121 8275 2195 2834
3509 567 5234 2326 7689 2858 8389 2143 6484 7363
8374 1811 1428 7541 2715 4758 1310 3600 4877 4518
2527 8431 7273 3850 1825 8050 7650 2956 5901 8383
6411 4489 1484 7163 8251 495 5644 7671 2284 3602
5507 266 7574 1404 5240 2388 7739 2976 9176 3592
5710 9950 5587 2653 3688 2579 7995 6840 2354 4951
3840 1327 5915 6463 7261 5843 101 9142 3269 8969
336 7230 9553 9229 2473 5532 8141 3525 6438 6291
4777 1240 9387 3895 9352 8717 818 1562 7721 5698
591 7139 8603 4404 1042 3124 5024 648 4 1558
3882 6356 855 973 8886 5617 790 5654 539 9869
4791 5876 9233 214 3518 2910 6742 631 7968 8699
7003 577 6888 3332 1452 9882 5893 3235 2148 2521
4146 6441 692 203 3479 5506 5238 4948 6156 3437
3703 9194 8076 6793 3481 9257 5250 3836 8896 2950
8403 2785 9058 794 5306 8767 6712 7857 8947 8664
9363 220 8400 8962 6077 1640 4139 2466 1258 6839
4715 6751 1200 2090 7976 6127 3208 9649 8545 4942
9034 9580 360 1316 8770 763 3829 7831 2114 3549
1695 2617 274 2255 2684 5543 1366 4571 2390 7999
8868 321 8108 1711 1161 4785 1898 9759 3070 9574
7350 2001 674 4825 1103 3823 375 4655 1537 6252
1324 9237 3372 8646 7025 880 2228 3046 645 891
9100 7823 6225 8451 4003 8168 5193 9986 7900 3946
6720 5608 4200 7486 1865 8392 5243 4210 9414 4579
8297 227 4408 3701 9492 8829 7715 4824 2641 9571
3768 6835 8235 7407 7433 8988 8528 2222 603 4261
8432 4031 5932 2220 8066 2150 6181 863 6517 2025
267 362 2690 5001 433 498 5154 1662 8631 4448
1455 4858 6421 4034 5034 5271 1142 7868 2564 7566
4984 6433 8440 6497 5881 6046 8950 8961 5546 5439
1693 6306 5741 1410 2488 1814 6423 9880 8613 1238
2241 7178 4106 2856 6256 1097 3548 6232 8811 4316
5288 8586 5089 4959 7757 8981 3412 3980 4205 7508
443 2710 9183 9107 230 6022 5711 3653 8049 1268
3828 3267 667 2629 3028 7059 8289 4125 5040 9410
9585 6980 9002 2529 889 7538 8698 9990 7578 5002
3071 5289 5201 8279 8750 7109 8805 8045 9178 3321
2196 68 7423 4633 9628 6991 5945 259 7725 7071
3907 4857 9517 5960 5920 9511 9736 9232 2709 9096
1831 8384 7795 4268 8484 4630 7661 4137 3417 5386
1115 277 3488 2842 3205 7322 1369 7073 8583 2431
8791 328 6274 689 5222 2361 743 7891 1259 7678
81 1229 1425 4663 5173 4129 4863 4460 8640 6233
4622 1843 1607 333 4402 8630 8941 2738 7275 1624
8207 501 3243 2938 2107 5890 5709 8949 1681 229
6646 8364 1211 1385 5149 1845 2627 4059 6102 6648
7088 205 1033 5618 6745 9770 6672 3650 6005 3286
2782 553 5390 8642 1804 4018 1126 5128 7333 6997
4746 1675 2070 9015 2024 9199 409 3369 5412 6255
6018 6406 2403 3498 983 887 8340 2065 8618 5731
6149 7835 2962 7798 9305 7523 4328 542 8523 8140
324 6424 6460 8510 9555 3801 2596 4382 3183 2696
3397 7555 3432 9840 2210 3918 4938 8581 3148 3995
8481 4740 2012 596 3837 2142 9123 933 2815 4747
5138 7164 619 2706 1367 7356 7218 96 8267 6528
9644 656 6216 9004 5571 6080 9338 9704 5593 7303
1881 3816 8666 6124 6907 649 6933 1396 4219 3811
5295 6727 340 8979 8211 2570 9082 48 2410 892
6311 7814 8249 5718 8377 6 5838 7075 3729 7709
9691 3968 8960 3756 4561 3492 8780 4749 413 7923
2708 5965 6645 2817 8720 4134 2225 9989 7315 4439
1815 9225 3402 3320 4848 8757 8860 9774 7783 114
8042 7098 2311 8339 9052 3908 5016 2765 7994 732
552 2520 9280 5186 4148 2121 4224 9472 1988 9534
7465 1241 3373 7352 8163 390 582 721 4929 4446
4094 7289 955 7062 5350 268 2020 4395 2216 6652
6876 824 3529 5938 8321 4908 914 9227 5424 3065
7641 5169 8761 5719 8372 4760 5974 7128 8468 6855
3173 7118 7405 8997 6314 2901 6045 415 3099 9273
6113 8887 6946 6774 184 7584 1836 9622 5825 2167
3868 21 8996 9325 5762 5907 7789 6930 6019 8294
8497 4590 8241 1423 1303 3229 8369 7662 3802 9729
3501 5577 5509 1031 8472 1372 7188 6258 3029 5236
7355 6801 3839 4435 9806 9510 6483 8843 8270 9502
9047 2760 6060 1767 6595 2762 1809 2745 9289 2487
6731 4694 3209 753 5870 275 9575 7125 6123 6502
5323 4006 3301 3684 9709 4973 4314 6042 1028 4799
6007 9839 5140 152 1912 7237 610 9529 9089 1764
2967 9744 9846 1023 2648 5993 3383 1041 1380 8409
5541 3886 9838 2110 2935 1687 4643 6767 6607 5918
1172 9723 7526 5858 8777 1497 8073 4526 7702 4496
8847 5152 4992 5118 91 1976 7658 6000 8687 1223
7149 9983 1104 9973 4585 2506 5903 5513 9754 3847
1554 4713 8137 9851 148 2481 4056 8424 1773 2263
6039 4278 5210 8651 2154 9855 2626 5530 8316 6614
8162 384 7276 2342 6598 3424 4845 6777 7210 309
5112 1851 7851 3935 7366 7362 9284 3027 6513 5231
7419 3363 8212 4693 4131 1511 7374 4807 5897 4077
1357 1566 7494 2916 5940 280 344 3527 1335 1732
6170 4732 4367 7591 5343 1750 7340 9557 3865 2924
1106 6952 1885 3929 2980 7772 3732 6519 7882 6153
2385 4798 8157 7758 147 9493 2147 8214 8478 4334
8171 8020 4701 2519 7637 5755 5264 2327 6240 9776
7496 3261 2113 489 3285 9727 4501 9046 7561 8087
5685 3080 6214 7121 2801 3420 9155 9429 50 4553
1487 749 1488 7344 3425 1288 2929 1819 7635 5131
7611 1407 7765 8435 5952 7724 9431 8878 2321 3572
3643 492 1475 2287 2269 1603 9340 4494 5805 3595
925 6800 2614 4796 885 2515 8258 8884 156 2623
3543 6374 9307 9588 3291 9987 6432 6664 2049 1311
3310 4875 4881 4430 6496 7459 7466 2174 3985 7883
1620 444 2906 3022 992 5873 3516 1015 3210 3340
8946 4352 4967 8318 1346 804 9299 5896 6743 4603
6382 3182 5763 186 4279 7909 978 4605 6486 5080
4733 7869 864 7190 9884 2309 7790 1415 2507 129
6781 3767 6298 1505 6321 7764 8798 9936 3557 5564
4457 8650 1244 2392 3546 8125 7212 6663 7251 1454
7723 5408 6715 5934 8839 1013 9671 8325 4823 3374
738 5792 9060 6288 2685 6762 9469 1343 6097 5283
8022 8968 4666 8927 2401 1656 9394 5989 6690 2581
8817 4926 2511 7260 4752 8527 9974 2659 8995 2972
686 1586 1062 9303 8322 8872 278 1292 4568 800
2093 2462 1439 1783 4045 4564 6831 6808 9875 6850
7824 7517 8280 2491 3217 7878 8488 1426 8350 3434
3200 1666 5798 9680 1616 5123 569 8600 1677 245
3609 2305 4359 2608 3745 5773 4183 5122 7328 1685
6266 4373 8620 2845 2741 7507 1476 4272 8835 6684
7812 9688 8106 1321 3096 9097 3711 9135 5622 1622
901 1289 8789 6599 1778 5256 669 1986 2032 8328
1987 7542 4091 2328 4503 2618 2942 3721 5301 482
4720 7685 2640 3441 5299 1129 690 9997 95 2681
5750 6615 6115 2588 115 3588 6593 179 9456 7726
6671 5102 7672 113 3483 6518 1688 9611 7346 1947
6634 3562 5037 6207 2441 7655 9603 2955 8094 7081
599 5883 9322 8417 4256 6697 3001 9929 241 6353
9889 4947 8382 2553 4022 4784 9948 9420 5130 4078
9173 644 8172 7443 4226 1733 3954 4471 6726 4179
9641 2545 7129 4933 507 7034 2478 3506 2885 106
233 8932 3531 7002 9599 869 2267 9663 570 7095
9541 2092 2716 2654 881 2997 15 118 3103 5111
4664 402 9795 3153 8518 1636 2023 7801 5367 5561
888 2310 4519 2322 9690 1516 5722 5720 815 3021
8812 5811 9835 3399 7548 6901 3859 6716 770 7696
6334 226 4828 859 4629 4284 2264 9913 865 2423
6361 826 990 9204 8012 2819 1457 1105 8980 2343
6012 7763 652 8923 4337 7881 1400 3079 5782 9301
1359 5274 1082 718 1231 2841 3395 1271 8205 5602
2917 1868 8673 6902 5074 178 862 8139 1674 9899
2585 4522 3056 4327 5635 9127 2202 3511 8792 4978
1363 1340 2185 5839 2999 2097 5029 6786 8678 5326
9449 6813 6135 2871 9863 5260 9659 1826 456 6212
2646 3903 25 9917 2041 6651 196 6556 8231 8355
7310 1890 3254 9408 4277 1131 3780 8794 716 3784
9764 5261 4168 6270 1964 1486 4004 9463 8788 9994
4826 4650 9614 9415 1358 1543 6403 4462 7004 5749
6067 727 1702 9592 2657 1175 4174 2172 9181 7169
7513 9831 9803 9405 9732 8684 1763 3622 8653 4594
7959 1897 1371 8763 329 7681 4202 3242 1805 1801
2630 7182 624 326 7409 3698 3152 944 2501 242
2744 8196 3646 7601 7588 6815 8706 2577 5151 8155
714 485 2360 9022 4821 7944 7585 6770 9642 9829
4815 9650 2276 3799 5129 2417 1612 3375 9715 1698
5099 4887 9393 2523 7388 3520 8388 5031 6992 2540
8132 133 4937 7910 7680 7270 8395 5659 5073 2908
3772 5693 4831 9162 9045 7599 1089 8046 1896 3149
8028 7401 1619 4969 8266 7600 2180 2046 7693 6817
4156 4919 4582 9495 2826 5420 638 1931 6559 4380
6948 2930 6218 2597 6905 9977 6617 4818 1569 587
3699 3987 3590 2673 1217 5689 3639 8034 9737 1647
873 7694 9003 5624 2414 3123 3587 3090 8288 3508
5460 8516 3634 9852 3999 650 7938 5579 7114 688
61 7787 4943 6095 2406 7652 1153 3631 7875 7232
4152 4244 8326 9549 6995 3991 3641 6919 6870 6546
1545 8185 7131 7499 1007 6856 1182 1221 9332 1464
5601 7435 1485 7180 9856 374 4144 2812 5164 9701
8787 146 2038 9234 4039 9494 1576 5714 9720 9360
5137 3632 7532 9006 271 9533 3852 886 3625 7241
3215 2057 7176 4291 5516 7912 4301 9521 1884 6778
4333 616 9714 455 4682 8732 8683 930 7021 5403
8535 9263 4539 447 3309 1744 2636 6695 5413 7978
7924 3317 7107 1443 5114 7203 7386 5904 7926 9098
2340 5088 3577 2374 4961 2213 4480 5230 1269 1207
3771 868 1057 6748 629 4965 4370 6078 4686 5116
35 6525 2375 7434 4403 9531 8422 2613 2859 2749
3403 897 8993 5706 4332 8870 7903 5090 4813 5699
5388 2003 3023 626 8098 8549 6440 6034 9567 9147
7619 5632 1018 5204 7215 2700 702 8667 8691 5892
1691 2809 3338 2576 2475 1196 1959 8261 8190 5759
4589 2612 327 5239 974 7432 5021 4165 1117 8264
5909 7154 9787 9153 9505 4790 1163 4744 969 1477
6911 1312 2787 1386 9252 6603 7861 8922 5219 8972
4972 5165 3139 1678 8158 3569 9406 5174 3078 1305
1478 6257 4159 2561 9377 4409 576 8609 2281 709
2159 9476 6779 5207 253 8252 8429 1813 5906 996
5697 8250 49 7009 4596 5061 357 9032 9686 5820
1127 41 3786 1206 8598 9579 8307 3265 2029 5162
3211 9020 5612 7638 3635 139 10 5493 3943 8702
9294 6464 2879 3624 4195 7175 1069 5078 8208 9
1433 5425 6975 9819 4067 7666 584 8900 3391 8
2229 4458 3760 9805 83 1955 6771 8169 7918 1441
2589 356 7626 1705 7348 4922 7577 6260 6195 6886
6679 4243 915 2456 9050 7245 6036 7967 111 6755
5761 8973 2932 6763 935 9059 3660 3206 7020 2250
5039 7167 7375 2746 7047 605 2165 5033 6446 7007
7306 2402 1849 720 3873 643 2064 598 209 9348
6055 1818 9396 4509 4468 4707 866 6740 2807 8517
607 5068 4455 6842 8983 8295 1275 1084 9920 2672
751 313 8511 5991 4904 249 1111 2652 8227 99
6750 2106 2768 9031 1066 5655 20 1466 847 8590
7326 1436 352 691 1631 9653 5807 6537 5946 5066
1251 7581 3748 6814 843 5054 8659 9216 8655 5988
3945 8758 9235 181 9391 4436 5372 9966 7173 5294
9159 2265 7786 8175 8186 6661 6470 3234 5591 7265
4245 5884 3489 1538 6998 2162 1524 8351 1265 5605
5840 8193 2615 3759 7852 7393 6929 2459 5126 6912
4029 6211 1199 516 6962 4447 877 8381 7506 3974
1230 4544 3709 618 7733 3135 9382 1682 1747 7988
2318 4710 97 5336 2115 2703 9467 6638 9826 7925
2212 1821 867 8561 6970 2442 5692 6868 5582 317
5517 4016 4560 7624 6404 941 3547 666 1575 8197
922 7307 8309 8074 4745 3967 7781 593 5630 4867
8206 8310 6827 3416 5500 8112 9778 803 258 9708
7041 1212 5568 4879 848 2763 8010 9190 6730 768
1591 9027 6050 1887 1638 6468 1519 8247 3827 953
9262 8998 2268 2380 221 1837 4054 8828 8696 5003
7788 7311 4788 2021 5753 9945 658 7737 8595 6129
9118 6392 7705 6982 9793 9763 3612 6699 3737 9296
3378 7811 408 6426 3597 2927 9400 6625 2860 2391
7046 2126 860 2346 6668 7422 7471 3681 4719 3102
2996 4616 9760 3628 3427 615 12 8810 3484 8253
966 6427 1246 9587 1650 1795 9245 2334 9523 5392
2173 254 9308 5924 151 7707 4212 4384 3499 3141
7533 8240 2671 2820 8344 574 5930 9627 9390 9619
2239 1005 4842 6284 6760 6736 4872 6780 7324 6006
8865 2197 6582 1210 1917 8911 5544 7720 8840 6434
2291 6522 7404 5679 6355 4386 5975 3633 1297 4485
8062 2365 7963 3736 9145 4953 9313 4628 3037 5202
1394 7719 4338 6405 312 2209 1657 1728 4856 2370
4805 9667 1237 6313 8079 9509 6864 463 1904 8296
1384 7598 5313 9152 3568 8607 3851 3329 2278 7135
5902 8740 2102 4452 4010 5347 6734 323 9168 5766
6419 1861 4574 7120 1549 1950 9897 2359 2941 1160
8044 2968 4626 5178 7610 8097 9750 6164 544 6867
1434 5087 3584 6966 4362 8457 1995 6437 5376 3257
6820 385 995 8557 8450 7805 7244 8204 4859 7343
264 954 6633 405 9617 5465 4217 7461 8550 6410
7751 4048 9219 7744 1004 7657 1032 7006 1539 2862
2549 7838 7291 3460 9395 3661 663 1900 6871 5801
93 5223 3275 7518 6461 3747 2047 2919 513 2971
5182 7031 4562 1759 708 4361 8565 7204 7793 9566
8532 7285 6640 353 7519 950 8174 5330 4511 524
3787 6908 5298 1924 3040 7743 9500 1798 1913 8428
6064 3250 1498 3697 4712 6931 9891 1530 7417 3199
590 7604 6377 5917 7302 2651 7117 4170 3118 3564
208 2832 7551 3881 5155 46 8311 3813 4977 8471
4209 2472 6941 8617 3081 3606 9482 392 4085 1059
9527 3860 6949 8645 8689 1315 9459 1438 7389 4866
3521 7618 9844 2118 9916 8366 7053 9102 8737 1663
9877 4013 3694 2283 4717 5213 9311 6174 9044 7951
3809 4464 5107 3555 1016 2686 4932 5192 2625 435
7728 3062 7104 9428 167 7973 8674 4540 4020 3726
8608 527 9545 7256 1560 1336 8069 5422 7645 4955
4040 3656 7736 5578 3830 5103 5056 4874 1726 6482
7510 752 1024 4812 5007 6775 4971 7632 3094 4287
9640 6223 8741 9026 8030 9115 7621 8047 543 9061
8566 5705 6396 9302 1284 304 4952 8426 3212 5583
4725 8635 3231 3487 3244 3026 6352 4178 2438 3798
6928 1629 8538 3465 4840 5158 2552 4880 3413 3992
7010 1661 1040 5672 2753 9853 3220 4450 6293 9140
9384 2294 3119 3164 94 4996 9648 2387 3976 7613
5738 3496 7947 5461 5480 8183 6246 6890 5949 2307
8596 112 9388 132 2603 9435 8111 6100 4894 1203
1137 47 3947 4893 7372 7112 7044 3137 1919 9018
6580 8539 3618 2075 8437 6191 1739 3053 4001 7676
3186 2017 2335 981 9643 8748 4974 8558 7091 3221
3449 6085 4162 349 7820 4397 7148 9324 7651 2698
9421 4748 9821 9253 6330 2606 9773 9991 1411 6822
2348 8055 6090 4469 5863 2734 4282 4071 1193 2031
1417 9632 6387 1855 425 6357 5012 9779 1935 1225
6592 647 1915 7049 4962 8782 9525 4991 31 8016
7264 3493 5175 8375 1597 4347 2299 9606 6108 4524
7759 7418 3666 7153 105 9063 1971 8031 1437 2404
7603 3370 9781 5662 1108 8952 5486 2537 1784 5913
4709 3613 5395 4420 9794 5045 1529 4483 6439 4184
3966 5667 6338 7734 2383 197 6186 2095 1049 4135
6204 1660 9208 5357 6594 4199 1680 5437 5521 1559
5842 3365 1496 1712 3905 6104 9146 8123 477 1480
3683 6477 5973 1322 5488 7271 6792 1008 3255 6935
9279 816 6681 3638 4463 8352 3140 5666 2992 5522
5607 923 5885 5171 9010 1382 7554 2531 7740 4482
6328 1523 2884 6838 6048 5854 7460 7068 4143 6747
9836 4678 8127 6282 6033 2678 8115 5997 861 819
1883 6271 3788 4206 4619 1645 1555 6958 8515 2803
6861 621 9785 1903 7196 2422 3706 1491 3490 5027
8773 9662 3042 898 4770 4808 8857 162 6420 4851
4954 7469 4476 7504 2130 7949 4551 7808 4801 8349
8821 7897 7622 5661 9466 2503 462 7952 8025 820
5683 9040 8009 9077 6447 9055 6564 5862 6723 5143
1232 5935 2616 1080 6972 7844 9711 8439 1406 986
5464 609 66 3129 1637 8260 4627 4912 8582 5170
589 322 6200 3923 4456 6144 7784 1799 4592 6197
4505 8003 5590 9664 4884 4166 3878 6847 5482 8990
7770 521 8768 9601 5233 1578 1853 5643 7841 8577
5332 4780 8555 9516 7431 8873 4171 3645 4981 810
4114 1493 3877 6263 9248 4533 1090 8521 8825 2455
5757 223 17 3536 4123 9498 4660 3849 8982 4049
8807 9068 5865 1905 2295 6897 8077 4913 9304 419
1652 6665 3193 3789 9295 6999 8592 6925 1261 471
9941 4613 4381 3793 2869 9958 6093 7123 3854 3862
9893 8254 9598 7856 7206 9560 4945 2811 1787 4177
6182 9317 5650 5942 7955 9023 2420 442 7558 4928
7022 6622 5278 2089 1580 6825 11 72 2112 3048
3429 7428 2288 3110 5177 5550 4207 1060 6166 7509
7064 9946 3106 893 6782 5545 4035 1841 9928 989
961 6696 7454 8215 556 9526 8728 4198 3273 2876
6507 8851 6399 5919 3680 1337 1255 9800 2484 6893
7896 87 270 7478 3353 9535 6816 8156 4638 5203
7334 3984 8734 1383 7093 707 7171 1999 7463 2649
5732 6040 5444 6074 8781 2439 8568 5276 7866 6337
5795 3024 1348 7915 829 9196 4204 739 5627 2559
8210 4490 741 3776 4914 2030 2539 1979 9300 3161
1577 3147 2076 8032 8493 1450 6305 8004 1761 2105
4871 5496 736 6673 6475 3909 6703 6709 9820 8477
8615 2808 1984 4102 3502 189 9213 967 3480 4105
491 414 3168 1908 2094 2279 2556 8423 4764 8015
4654 7623 9954 523 473 520 200 3451 250 1399
1215 3010 5660 1375 7497 8964 3616 7345 6983 2141
9214 2067 125 7439 8315 4266 9621 8751 6290 6732
5463 134 4349 7408 9293 7711 6320 7687 9914 1100
5944 6296 2725 7727 3452 9038 9319 5181 9982 942
2372 6849 8711 3855 1551 3512 759 1278 4646 1387
1204 8895 5135 3177 9859 3043 2151 7848 1838 52
2995 6938 2500 8104 7713 9837 1910 7972 6431 2493
2699 5190 8893 9810 9423 9681 89 5515 7051 7207
3156 4251 2301 7023 6515 8161 8458 7753 1050 7490
2670 6899 285 2149 3272 2028 3018 8089 3534 1521
8578 8341 7335 8496 8447 1875 948 1132 2990 7668
1009 407 7410 1930 7872 9572 630 2450 6096 7470
8498 5297 5020 6364 5852 9056 5827 9712 7767 563
1362 9399 5589 1077 4052 725 510 6021 2598 4608
2920 6457 4371 9532 7792 8265 3203 2857 1757 4461
4611 2642 1952 6345 5746 1435 6016 5925 4140 831
8680 9222 5221 3181 1942 8121 4855 2157 7717 5195
3472 9726 6378 9508 1850 222 9543 3335 7249 2381
7674 8892 4910 2052 846 2974 7683 7922 6381 3691
6139 3256 6253 6969 6448 9271 9321 3405 4958 9514
8078 4246 7829 9868 128 5845 7272 1725 6063 3720
6509 5434 1870 931 7929 5637 8353 7745 8850 4326
4293 2748 9478 4295 549 8222 8238 8836 8831 7521
1413 8978 8594 1802 2086 7817 4581 310 8278 7971
2363 5809 620 3055 8671 6443 7849 1123 7920 9486
9767 2033 9612 5450 8707 9413 194 1354 7079 2548
6041 3552 5251 3924 7278 5471 7055 3409 4231 6971
7127 4145 5079 2639 6462 6331 2769 7028 6122 3561
5553 7070 5057 6532 947 6343 5875 8348 8166 6860
6154 3398 1094 5983 7137 9158 3491 8585 6753 3565
5822 4427 335 5187 4377 8934 500 4315 8302 9327
6472 7013 757 1252 4987 9105 3430 6729 3066 1527
698 6003 4776 5069 1565 555 4536 6879 1604 882
8854 4070 6401 1945 8219 561 5257 4095 6961 9250
2883 9043 265 8963 6714 4391 5491 8380 1509 4394
6956 7540 3687 9465 8971 4066 6746 8304 4350 8151
5594 3039 2776 4504 7489 6371 1635 371 662 7615
6544 6354 4591 6761 679 437 5362 959 1667 1909
3957 6791 4153 1283 982 3538 2339 7545 673 9888
4620 3892 5962 386 8917 1958 1992 1542 7453 5071
9477 9201 283 3883 8313 9811 5894 7024 1627 2682
9103 6145 4190 3853 5614 1501 2530 1790 3226 6588
1125 6264 4500 7625 5734 7769 5065 3814 5853 3031
2019 5681 9999 5291 9842 8879 5861 3630 1827 2902
9267 7564 4636 6289 4901 6385 3016 1878 8520 4737
5314 8681 6789 812 174 9719 7833 2218 6578 2954
9728 6312 6079 5653 224 8709 6692 2446 5696 5793
2314 8043 7832 2183 5760 3753 1109 4363 4671 559
9306 776 787 2961 2053 4007 4425 2726 6510 1256
7281 5023 5333 3700 9091 3955 5104 9995 5095 3165
5519 4255 9362 2389 9902 8486 8394 3938 8096 2186
8504 9569 8337 2242 2514 117 6479 8109 4365 1888
1177 8413 3934 7797 3619 7011 980 4819 7899 7187
9223 7953 5453 6885 9151 9927 7136 8871 6217 8945
5417 7036 8785 8194 733 6185 6358 1534 2861 1186
4699 5748 5096 8361 7201 7608 4275 993 4230 4921
4065 8556 7320 6319 3088 664 913 6360 3179 722
7084 7735 8396 5756 3292 8248 7544 7354 9536 3876
2470 1561 494 4927 45 9444 1276 8534 8823 5783
8072 939 3997 2373 4615 678 5794 7202 6939 7396
2362 2489 1281 6175 3932 4516 2498 8754 7379 6806
4160 7101 8124 7253 1599 7631 5317 2457 9398 2430
3841 8164 1460 6087 7647 2915 7659 1889 1412 6391
8552 7810 8298 2330 69 7194 7863 4407 7229 728
7962 5575 1170 6276 7898 7174 7889 3371 3470 7197
3474 3368 3271 1374 8370 8826 1751 6784 1609 6624
163 6534 3486 2036 9130 27 4549 8718 1420 7327
7498 5549 5625 4294 8133 7998 9735 8272 4792 8533
3782 9696 7402 5050 3554 7279 4297 210 3574 8184
8213 8239 5470 3728 3610 439 2711 107 4432 850
3198 8333 7395 5426 742 9850 5682 8942 8858 8571
6654 9028 9578 2131 1618 3598 4618 8445 1785 6230
701 86 2963 6340 5430 6049 3158 1982 9923 346
5265 1377 3880 2292 912 3856 3067 7221 8611 6529
3727 7754 6572 6833 4260 5049 7569 9075 5818 1719
8591 8695 1753 1626 4057 429 2509 6719 6524 682
153 8735 779 296 2408 8386 1694 9464 1296 5120
457 8793 4354 8234 976 6548 7087 7078 2899 2082
9074 8803 1263 3651 4050 7166 3104 2266 1723 1155
3485 7503 6589 1704 8122 1997 653 9799 8119 3670
4542 9337 1940 4793 3297 7543 5125 6062 1419 3906
8037 3159 9085 2048 2789 4194 8891 7037 448 2555
8146 3741 369 3041 9358 909 4014 5478 2443 8128
1176 3298 5921 2998 252 6152 3988 8563 1812 7981
1116 7033 7195 8105 8897 3388 6717 5721 4257 6626
3762 6601 711 4918 8834 1860 53 9432 6804 5105
440 6086 4108 1588 2483 7240 1710 3846 6797 6616
292 6550 8866 3428 2904 3749 1605 4685 449 4339
135 3086 879 4895 6449 7800 8844 1894 6639 1427
1512 180 2059 8332 8901 7565 5435 9170 3136 4779
2644 7836 6069 1026 659 9833 6213 6945 3505 2542
5198 2958 9331 8192 2006 5833 2767 3575 4115 2693
3896 748 8490 7090 9290 8602 2124 5145 9160 4323
4037 4126 4096 9328 338 7567 1429 182 5136 4428
697 557 166 5225 3696 4515 8485 6533 5025 6920
9333 8402 3346 7766 9412 4355 4378 5717 2771 5258
2828 7846 3002 1990 4366 2568 4803 3764 6768 257
4659 3942 6858 9188 6020 8085 1280 908 1510 9944
2319 6832 6568 1456 4811 9654 6924 6869 8908 1891
854 8531 4036 2004 1630 1418 9931 7879 9675 1169
2987 4412 5610 6393 1102 7950 4254 1445 6655 4236
938 5933 2959 5084 9503 4193 7895 977 7855 4586
5059 3167 6662 2416 3130 7593 6031 1124 8875 822
5019 2691 7247 9984 2550 7799 1332 2344 2508 894
7357 4925 5431 4588 5142 1167 6315 1683 5396 1218
8542 7113 2595 3111 7984 6092 2350 2158 6895 1742
3467 6117 8930 2465 1184 2695 9407 8293 1796 1173
830 9351 4281 7589 907 7429 6702 5015 551 5774
1822 6350 368 1020 2949 1504 4552 807 2451 3662
248 6335 379 8188 5345 2156 6632 6362 1143 6089
7583 6790 6627 6894 7964 639 2923 9401 8626 7086
5690 9866 2516 1471 1503 3411 634 9166 8616 3640
6287 8283 8766 8820 5576 3861 8452 2257 7556 9976
9373 9512 70 7097 1096 8705 2123 7755 2002 5284
4038 9048 4289 9379 1550 4705 1448 9563 8189 1306
975 7679 341 9957 8759 4889 4727 2592 6694 358
9218 3312 4340 4322 5285 1140 3064 8921 3668 5849
6954 2022 8940 7462 103 1854 7822 8335 5093 1697
7512 3328 7116 6963 4093 7664 8830 2547 2610 3288
7159 5823 4392 6561 7576 193 3818 5584 8245 5000
5785 7941 3239 7695 2804 8023 6965 1944 5996 5511
5615 4147 3296 2701 4453 9272 3730 7080 7065 403
6499 8704 6386 2628 9524 7416 8300 6754 9251 3766
9192 2203 8263 1376 1003 3654 8299 1317 7282 8986
8929 4768 6744 5452 7742 1061 2254 1864 4283 6576
7911 1859 9613 919 3175 7145 8013 6015 9070 4886
5419 1165 7957 5228 3380 3994 2078 5704 8976 5860
9041 4634 7534 2249 1401 1781 1334 2505 6495 6161
3076 3410 1181 345 522 9780 6834 2211 5489 9647
5501 535 420 5316 3227 2125 3300 4479 2609 354
7818 7840 9417 1595 7791 8589 5248 6157 6951 5267
3599 4389 1985 4121 7305 6843 4735 821 4151 5010
7636 185 8039 5911 2896 9017 5360 2889 1195 6413
1648 3810 8525 3874 7001 5344 1696 9674 9636 6934
3914 5684 4259 7536 2234 2911 7199 3444 4107 2934
5245 7960 1968 6279 7269 3035 8742 297 2271 1975
4742 5082 625 6541 1393 2432 6504 316 1205 1927
9205 8526 432 3178 8177 6649 5980 7191 9480 6059
6759 8476 7804 6974 1037 4097 4681 715 4575 4329
2461 3494 5406 1651 2634 1219 550 7511 228 9403
3216 4299 199 9277 2080 8652 1601 693 5658 8769